Image_Name: c1075d07ee9e0b261a1a59a14074fa03
Class: Lower_clothes
Inner Main Points: [(209.89942612397243, 685.7171011185104), (154.52608487634558, 649.6290602134137), (187.75272615718367, 673.3951104084458), (223.50727895574656, 677.9716171796923), (224.69473366949654, 663.7444960507931)]
Mask Points:
[[     96.325      590.42]
 [     96.325      605.96]
 [     100.56      605.96]
 [     101.97      607.38]
 [     101.97      615.85]
 [     100.56      617.26]
 [     96.325      617.26]
 [     96.325      693.54]
 [     101.97      693.54]
 [     103.39      694.95]
 [      104.8      694.95]
 [     106.21      696.36]
 [     109.04      696.36]
 [     110.45      697.78]
 [     114.69      697.78]
 [      116.1      699.19]
 [     120.34      699.19]
 [     121.75       700.6]
 [     152.82       700.6]
 [     154.24      699.19]
 [     164.12      699.19]
 [     165.54       700.6]
 [     176.84       700.6]
 [     178.25      699.19]
 [     186.72      699.19]
 [     188.14       700.6]
 [     199.44       700.6]
 [     200.85      702.01]
 [     203.68      702.01]
 [     205.09      703.42]
 [     205.09      707.66]
 [      240.4      707.66]
 [      240.4      703.42]
 [     241.81      702.01]
 [     243.22      702.01]
 [     244.64       700.6]
 [     248.88       700.6]
 [     250.29      699.19]
 [     257.35      699.19]
 [     258.76      697.78]
 [     261.59      697.78]
 [     264.41      694.95]
 [     265.82      694.95]
 [     271.48       689.3]
 [     275.71       689.3]
 [     275.71      639.86]
 [     271.48      639.86]
 [     270.06      638.45]
 [     270.06      631.39]
 [     268.65      629.97]
 [     268.65       610.2]
 [     267.24      608.79]
 [     267.24      597.49]
 [     265.82      596.08]
 [     265.82      590.42]
 [     244.64      590.42]
 [     244.64      594.66]
 [     243.22      596.08]
 [      240.4      596.08]
 [     238.99      597.49]
 [     231.93      597.49]
 [     230.51       598.9]
 [     226.27       598.9]
 [     224.86      600.31]
 [      217.8      600.31]
 [     216.39      601.72]
 [     210.74      601.72]
 [     209.32      603.14]
 [     205.09      603.14]
 [     203.68      604.55]
 [      195.2      604.55]
 [     193.79      605.96]
 [     154.24      605.96]
 [     152.82      604.55]
 [     142.94      604.55]
 [     141.52      603.14]
 [     135.88      603.14]
 [     134.46      601.72]
 [     130.22      601.72]
 [     128.81      600.31]
 [     125.99      600.31]
 [     124.57       598.9]
 [     123.16       598.9]
 [     121.75      597.49]
 [     118.92      597.49]
 [      116.1      594.66]
 [      116.1      590.42]]
