Image_Name: 24d62cf72f63d2f61587a5b95dac6457
Class: Leg
Inner Main Points: [(241.56086935492442, 762.2996011185171), (236.8210948905023, 724.4341441405737), (232.70653974119912, 777.8533480972364), (217.19022317088474, 749.1339561315583), (221.92975263597927, 775.9184666463939)]
Mask Points:
[[     198.02      703.42]
 [     198.02      805.12]
 [     202.26      805.12]
 [     203.68      806.54]
 [      206.5      806.54]
 [     207.91      807.95]
 [     243.22      807.95]
 [     244.64      806.54]
 [     250.29      806.54]
 [     253.11      803.71]
 [     253.11      796.65]
 [     254.52      795.24]
 [     254.52      785.35]
 [     255.94      783.94]
 [     255.94       768.4]
 [     257.35      766.99]
 [     257.35      730.26]
 [     255.94      728.85]
 [     255.94      727.44]
 [     254.52      726.03]
 [     254.52       723.2]
 [     253.11      721.79]
 [     253.11      720.38]
 [      251.7      718.96]
 [      251.7      717.55]
 [     250.29      716.14]
 [     250.29      703.42]]
