Image_Name: 24d62cf72f63d2f61587a5b95dac6457
Class: Shoe
Inner Main Points: [(143.96573363540688, 864.6404711446503), (132.36330505235503, 862.31895970895), (130.34302276657206, 860.6351358488839), (126.86622786582988, 855.472697146717), (144.10432466945645, 861.3864681407009)]
Mask Points:
[[     133.05      827.72]
 [     133.05      831.96]
 [     130.22      834.79]
 [     125.99      834.79]
 [     124.57       836.2]
 [     123.16       836.2]
 [     120.34      839.03]
 [     118.92      839.03]
 [      116.1      841.85]
 [     114.69      841.85]
 [     111.86      844.67]
 [     107.62      844.67]
 [     106.21      846.09]
 [      104.8      844.67]
 [     96.325      844.67]
 [     96.325      882.81]
 [     101.97      882.81]
 [      104.8      885.64]
 [     106.21      885.64]
 [     107.62      887.05]
 [     109.04      887.05]
 [     111.86      889.88]
 [     111.86      894.11]
 [     148.59      894.11]
 [     148.59      889.88]
 [        150      888.46]
 [     151.41      888.46]
 [     152.82      887.05]
 [     155.65      887.05]
 [     159.89      882.81]
 [     159.89       881.4]
 [      161.3      879.99]
 [      161.3      837.61]
 [     164.12      834.79]
 [     168.36      834.79]
 [     168.36      827.72]
 [     155.65      827.72]
 [     155.65      837.61]
 [     154.24      839.03]
 [     151.41      839.03]
 [        150      837.61]
 [     148.59      837.61]
 [     147.18       836.2]
 [     145.76       836.2]
 [     141.52      831.96]
 [     141.52      827.72]]
