Image_Name: 24d62cf72f63d2f61587a5b95dac6457
Class: Stock
Inner Main Points: [(123.09306543317139, 817.7823244187844), (124.77420164102699, 816.7722135160674), (131.43339945439772, 815.5666271040453), (139.55974502552192, 815.814491356943), (129.81358742438408, 816.9095481621141)]
Mask Points:
[[     107.62      799.47]
 [     107.62      841.85]
 [     113.27      841.85]
 [     117.51      837.61]
 [     118.92      837.61]
 [     120.34       836.2]
 [     121.75       836.2]
 [     124.57      833.38]
 [     128.81      833.38]
 [     130.22      831.96]
 [     142.94      831.96]
 [     144.35      833.38]
 [     145.76      833.38]
 [     147.18      834.79]
 [     152.82      834.79]
 [     152.82      833.38]
 [     154.24      831.96]
 [     154.24      827.72]
 [     155.65      826.31]
 [     155.65      823.49]
 [     157.06      822.08]
 [     157.06      812.19]
 [     155.65      810.78]
 [     155.65      807.95]
 [     154.24      806.54]
 [     154.24      805.12]
 [     152.82      803.71]
 [     152.82      799.47]]
