Image_Name: 14712655c54add4b16a44b67fffb03cd
Class: Hand
Inner Main Points: [(164.651045531601, 605.1863106445398), (158.6084612613903, 615.8058179298291), (172.1801237430543, 607.9308847734806), (163.56518318275073, 599.7918886215037), (166.1561908245963, 596.8256900017653)]
Mask Points:
[[     148.18      579.59]
 [     148.18      583.71]
 [     146.81      585.08]
 [     146.81      590.58]
 [     145.44      591.95]
 [     141.32      591.95]
 [     141.32      630.41]
 [     145.44      630.41]
 [     149.56      634.53]
 [     150.93      634.53]
 [     155.05      638.65]
 [     156.42      638.65]
 [      157.8      640.02]
 [     163.29      640.02]
 [     164.66      638.65]
 [     174.28      638.65]
 [      178.4      642.77]
 [     179.77      642.77]
 [     181.15      644.14]
 [     186.64      644.14]
 [     188.01      642.77]
 [     190.76      642.77]
 [     194.88      638.65]
 [     194.88      634.53]
 [        199      630.41]
 [        199      629.03]
 [     203.12      624.91]
 [     203.12      622.17]
 [     200.37      619.42]
 [        199      619.42]
 [     196.25      616.67]
 [     194.88      616.67]
 [     189.39      611.18]
 [     189.39      608.43]
 [     188.01      607.06]
 [     188.01      604.31]
 [     189.39      602.94]
 [     189.39      597.45]
 [     190.76      596.07]
 [     190.76      579.59]]
