Image_Name: 14712655c54add4b16a44b67fffb03cd
Class: Leg
Inner Main Points: [(177.6164985178489, 694.338653927348), (207.1515567226403, 746.3560660955012), (180.8305935647664, 696.318049931503), (202.72472705216774, 723.0981446126921), (184.78630136536637, 705.5490197477095)]
Mask Points:
[[      157.8      678.48]
 [      157.8      715.56]
 [     161.92      715.56]
 [     164.66      718.31]
 [     164.66       723.8]
 [     166.04      725.17]
 [     166.04      734.79]
 [     167.41      736.16]
 [     167.41       749.9]
 [     168.78      751.27]
 [     168.78      762.26]
 [     170.16      763.63]
 [     170.16      771.87]
 [     171.53      773.25]
 [     171.53      775.99]
 [      172.9      777.37]
 [     181.15      777.37]
 [     182.52      778.74]
 [     209.99      778.74]
 [     211.36      777.37]
 [     215.48      777.37]
 [     216.85      775.99]
 [     220.97      775.99]
 [     222.35      774.62]
 [     223.72      774.62]
 [     226.47      771.87]
 [     226.47      727.92]
 [      225.1      726.55]
 [      225.1      722.43]
 [     223.72      721.05]
 [     223.72      714.19]
 [     222.35      712.81]
 [     222.35      678.48]]
