Image_Name: 2377c8910dcbd8bb6ad0284d52f8feb9
Class: Face
Inner Main Points: [(142.0729510191339, 221.8196828122567), (70.60056070884602, 215.71885222622407), (142.92893780583222, 302.5685584939264), (166.769499619809, 248.22959028060023), (119.93513328299974, 256.83507360458555)]
Mask Points:
[[     122.09      90.647]
 [     122.09      94.767]
 [     115.22      101.63]
 [     113.85      101.63]
 [      111.1      104.38]
 [     109.73      104.38]
 [     106.98      107.13]
 [     105.61      107.13]
 [     102.86      109.88]
 [     101.49      109.88]
 [     100.11      111.25]
 [     98.739      111.25]
 [     97.366      112.62]
 [     95.992      112.62]
 [     94.619         114]
 [     93.245         114]
 [     89.125      118.12]
 [     87.752      118.12]
 [     85.005      120.86]
 [     83.631      120.86]
 [     79.511      124.98]
 [     78.137      124.98]
 [     76.764      126.36]
 [     76.764      127.73]
 [     74.017      130.48]
 [     72.644      130.48]
 [     54.789      148.33]
 [     54.789       149.7]
 [     50.669      153.82]
 [     50.669       155.2]
 [     47.922      157.95]
 [     47.922      159.32]
 [     46.548      160.69]
 [     45.175      160.69]
 [     43.802      162.07]
 [     42.428      162.07]
 [     41.055      163.44]
 [     39.681      163.44]
 [     35.561      167.56]
 [     34.188      167.56]
 [     34.188      168.93]
 [     32.814      170.31]
 [     32.814      171.68]
 [     30.067      174.43]
 [     30.067       175.8]
 [     28.694      177.17]
 [     28.694      178.55]
 [      27.32      179.92]
 [      27.32      182.67]
 [     25.947      184.04]
 [     25.947      185.41]
 [     24.573      186.79]
 [     24.573      188.16]
 [       23.2      189.53]
 [       23.2      193.65]
 [     21.827      195.03]
 [     21.827      208.76]
 [       23.2      210.14]
 [       23.2      211.51]
 [     25.947      214.26]
 [     25.947      215.63]
 [      27.32         217]
 [      27.32      219.75]
 [     28.694      221.12]
 [     28.694       222.5]
 [     38.308      232.11]
 [     38.308      233.48]
 [     45.175      240.35]
 [     46.548      240.35]
 [     49.295       243.1]
 [     49.295      244.47]
 [     52.042      247.22]
 [     53.416      247.22]
 [     54.789      248.59]
 [     54.789      249.97]
 [     56.162      251.34]
 [     56.162      252.71]
 [     57.536      254.09]
 [     57.536      256.83]
 [     58.909      258.21]
 [     58.909      262.33]
 [     60.283       263.7]
 [     60.283      267.82]
 [     61.656      269.19]
 [     61.656      270.57]
 [     65.777      274.69]
 [     65.777      276.06]
 [      67.15      277.43]
 [      67.15      278.81]
 [     69.897      281.55]
 [     69.897      282.93]
 [      71.27       284.3]
 [      71.27      285.67]
 [     72.644      287.05]
 [     72.644      288.42]
 [     75.391      291.17]
 [     75.391      292.54]
 [     76.764      293.92]
 [     76.764      295.29]
 [     87.752      306.28]
 [     89.125      306.28]
 [     95.992      313.14]
 [     97.366      313.14]
 [     101.49      317.26]
 [     101.49      318.64]
 [     102.86      318.64]
 [     113.85      329.62]
 [     115.22      329.62]
 [     120.71      335.12]
 [     120.71      336.49]
 [     122.09      337.87]
 [     122.09      339.24]
 [     123.46      340.61]
 [     123.46      343.36]
 [     128.95      348.85]
 [     130.33      348.85]
 [      131.7      350.23]
 [     141.32      350.23]
 [     142.69      348.85]
 [     145.44      348.85]
 [     163.29         331]
 [      172.9         331]
 [     177.02      335.12]
 [      178.4      335.12]
 [     179.77      336.49]
 [     190.76      336.49]
 [     190.76      335.12]
 [     192.13      333.75]
 [     192.13         331]
 [     190.76      329.62]
 [     190.76      328.25]
 [     189.39      326.88]
 [     189.39       325.5]
 [     192.13      322.76]
 [     192.13      321.38]
 [     193.51      320.01]
 [     193.51      318.64]
 [     197.63      314.52]
 [        199      314.52]
 [     201.75      311.77]
 [     201.75       310.4]
 [     204.49      307.65]
 [     204.49      306.28]
 [     209.99      300.78]
 [     211.36      300.78]
 [     214.11      298.04]
 [     215.48      298.04]
 [     216.85      296.66]
 [     218.23      296.66]
 [     226.47      288.42]
 [     227.84      288.42]
 [     233.34      282.93]
 [     234.71      282.93]
 [     241.58      276.06]
 [     241.58      274.69]
 [     242.95      273.31]
 [     242.95      270.57]
 [     244.32      269.19]
 [     244.32      262.33]
 [     242.95      260.95]
 [     242.95      256.83]
 [     241.58      255.46]
 [     241.58      254.09]
 [      240.2      252.71]
 [     238.83      252.71]
 [     229.22       243.1]
 [     229.22      241.72]
 [     226.47      238.98]
 [     226.47       237.6]
 [      225.1      236.23]
 [      225.1      234.86]
 [     223.72      233.48]
 [     223.72      232.11]
 [     222.35      230.74]
 [     222.35      229.36]
 [     220.97      227.99]
 [     220.97      226.62]
 [      219.6      225.24]
 [      219.6      223.87]
 [     208.61      212.88]
 [     207.24      212.88]
 [     205.87      211.51]
 [     205.87      206.02]
 [     204.49      204.64]
 [     204.49      200.52]
 [     203.12      199.15]
 [     203.12      197.77]
 [     200.37      195.03]
 [     200.37      193.65]
 [     193.51      186.79]
 [     193.51      185.41]
 [     192.13      184.04]
 [     192.13      182.67]
 [     190.76      181.29]
 [     190.76      179.92]
 [     189.39      178.55]
 [     189.39      177.17]
 [     188.01       175.8]
 [     188.01      174.43]
 [     186.64      173.05]
 [     186.64      171.68]
 [     185.27      170.31]
 [     185.27      168.93]
 [     182.52      166.19]
 [     182.52      164.81]
 [     179.77      162.07]
 [     179.77      160.69]
 [      178.4      159.32]
 [      178.4      157.95]
 [     177.02      156.57]
 [     177.02       155.2]
 [     174.28      152.45]
 [     174.28      151.08]
 [      172.9       149.7]
 [      172.9      148.33]
 [     171.53      146.96]
 [     171.53      145.58]
 [     167.41      141.46]
 [     167.41      140.09]
 [     164.66      137.34]
 [     164.66      135.97]
 [     161.92      133.22]
 [     161.92      131.85]
 [     159.17       129.1]
 [     159.17      127.73]
 [     153.68      122.24]
 [     153.68      120.86]
 [     149.56      116.74]
 [     149.56      115.37]
 [     145.44      111.25]
 [     145.44      109.88]
 [     142.69      107.13]
 [     142.69      105.75]
 [     141.32      104.38]
 [     141.32      103.01]
 [     138.57      100.26]
 [     138.57      98.887]
 [      137.2      97.514]
 [      137.2      96.141]
 [     135.82      94.767]
 [     135.82      90.647]]
