Image_Name: 2377c8910dcbd8bb6ad0284d52f8feb9
Class: Hand
Inner Main Points: [(162.65678212809834, 587.7858302564359), (168.6961094821997, 616.9670695460858), (186.4136303056847, 597.3010315517557), (187.8798357466693, 614.8217455917094), (157.56742887631808, 590.9704186021929)]
Mask Points:
[[     135.82       568.6]
 [     135.82      642.77]
 [     160.54      642.77]
 [     161.92      644.14]
 [     167.41      644.14]
 [     168.78      645.52]
 [     170.16      645.52]
 [     171.53      644.14]
 [     185.27      644.14]
 [     186.64      645.52]
 [     196.25      645.52]
 [        199      642.77]
 [        199       641.4]
 [     200.37      640.02]
 [     200.37      638.65]
 [     201.75      637.27]
 [     201.75      630.41]
 [     203.12      629.03]
 [     203.12      618.05]
 [     204.49      616.67]
 [     204.49      596.07]
 [     203.12       594.7]
 [     203.12      586.46]
 [     201.75      585.08]
 [     201.75      575.47]
 [     203.12       574.1]
 [     203.12       568.6]]
