Image_Name: 2377c8910dcbd8bb6ad0284d52f8feb9
Class: Leg
Inner Main Points: [(189.40134938605323, 707.5938605355112), (208.29335625376592, 705.0651486621938), (202.25104960181443, 716.9296278757349), (178.06773894217986, 724.027200006167), (191.33043802711083, 735.7736598874172)]
Mask Points:
[[     160.54      667.49]
 [     160.54      671.61]
 [      157.8      674.36]
 [      152.3      674.36]
 [      152.3      721.05]
 [     156.42      721.05]
 [      157.8      722.43]
 [      157.8       723.8]
 [     159.17      725.17]
 [     159.17       729.3]
 [     160.54      730.67]
 [     160.54      732.04]
 [     161.92      733.42]
 [     161.92      736.16]
 [     163.29      737.54]
 [     163.29      740.28]
 [     164.66      741.66]
 [     164.66      763.63]
 [     163.29         765]
 [     163.29      766.38]
 [     160.54      769.12]
 [     160.54       770.5]
 [     156.42      774.62]
 [      152.3      774.62]
 [      152.3      792.47]
 [     167.41      792.47]
 [     167.41      788.35]
 [     168.78      786.98]
 [     168.78      785.61]
 [      172.9      781.49]
 [     196.25      781.49]
 [     197.63      782.86]
 [     200.37      782.86]
 [     201.75      784.23]
 [     203.12      784.23]
 [     204.49      785.61]
 [     207.24      785.61]
 [     209.99      788.35]
 [     209.99      792.47]
 [      225.1      792.47]
 [      225.1      786.98]
 [     226.47      785.61]
 [     226.47      784.23]
 [     229.22      781.49]
 [     233.34      781.49]
 [     233.34      747.15]
 [     229.22      747.15]
 [     227.84      745.78]
 [     227.84      740.28]
 [     226.47      738.91]
 [     226.47       723.8]
 [      225.1      722.43]
 [      225.1       703.2]
 [     223.72      701.83]
 [     223.72       677.1]
 [     220.97      674.36]
 [      219.6      674.36]
 [     218.23      672.98]
 [     209.99      672.98]
 [     208.61      674.36]
 [     204.49      674.36]
 [     203.12      672.98]
 [     200.37      672.98]
 [        199      671.61]
 [        199      667.49]]
