Image_Name: 2377c8910dcbd8bb6ad0284d52f8feb9
Class: Pants
Inner Main Points: [(193.1308789800757, 650.2282037138654), (148.79879458563852, 637.4479277526004), (187.05809823272878, 650.1650172747818), (160.461567916527, 653.5779343244138), (186.55014875947631, 587.986161826462)]
Mask Points:
[[     124.83       568.6]
 [     124.83       682.6]
 [     159.17       682.6]
 [     159.17      678.48]
 [     160.54       677.1]
 [     166.04       677.1]
 [     167.41      675.73]
 [      240.2      675.73]
 [     241.58      674.36]
 [     242.95      674.36]
 [     244.32      672.98]
 [     249.82      672.98]
 [     249.82       568.6]]
