Image_Name: a15f2582d870481683fd47b80199f70f
Class: Ear
Inner Main Points: [(998.5413924384582, 463.59534661317065), (987.1095778651754, 474.0281004860079), (992.2999948976847, 468.6258016270728), (995.0924444353665, 426.2397338424386), (1007.0341007535466, 446.1059336394912)]
Mask Points:
[[        990         402]
 [        990         417]
 [        984         423]
 [        984         432]
 [        981         435]
 [        981         441]
 [        978         444]
 [        978         447]
 [        975         450]
 [        966         450]
 [        966         519]
 [        996         519]
 [        996         507]
 [       1005         498]
 [       1008         498]
 [       1014         492]
 [       1017         492]
 [       1020         489]
 [       1023         489]
 [       1041         471]
 [       1041         468]
 [       1044         465]
 [       1044         459]
 [       1047         456]
 [       1047         435]
 [       1044         432]
 [       1044         423]
 [       1041         420]
 [       1041         417]
 [       1038         414]
 [       1038         402]]
