Image_Name: a15f2582d870481683fd47b80199f70f
Class: Hair
Inner Main Points: [(725.6056246775918, 281.0796515936277), (964.1945961754311, 226.8090066609902), (1077.4742901718278, 194.87899686970164), (745.2917874571474, 142.46627106682797), (876.9414440832732, 302.968287535888)]
Mask Points:
[[        771          66]
 [        771          75]
 [        765          81]
 [        762          81]
 [        756          87]
 [        753          87]
 [        735         105]
 [        735         108]
 [        726         117]
 [        726         120]
 [        723         123]
 [        723         126]
 [        717         132]
 [        717         135]
 [        714         138]
 [        714         141]
 [        711         144]
 [        711         147]
 [        708         150]
 [        708         156]
 [        705         159]
 [        705         165]
 [        702         168]
 [        702         186]
 [        699         189]
 [        699         198]
 [        690         207]
 [        687         207]
 [        681         201]
 [        678         201]
 [        675         198]
 [        672         198]
 [        669         195]
 [        642         195]
 [        642         276]
 [        651         276]
 [        660         285]
 [        660         288]
 [        663         291]
 [        663         294]
 [        675         306]
 [        675         309]
 [        681         315]
 [        684         315]
 [        687         318]
 [        690         318]
 [        693         321]
 [        720         321]
 [        723         318]
 [        729         318]
 [        732         321]
 [        738         321]
 [        747         330]
 [        750         330]
 [        753         333]
 [        756         333]
 [        759         336]
 [        780         336]
 [        783         333]
 [        786         333]
 [        789         330]
 [        792         330]
 [        807         315]
 [        813         315]
 [        828         330]
 [        828         333]
 [        840         345]
 [        843         345]
 [        846         348]
 [        864         348]
 [        867         345]
 [        870         345]
 [        873         342]
 [        876         342]
 [        879         339]
 [        891         339]
 [        894         342]
 [        897         342]
 [        906         351]
 [        909         351]
 [        912         354]
 [        918         354]
 [        921         357]
 [        954         357]
 [        957         360]
 [        963         360]
 [        972         369]
 [        972         372]
 [        975         375]
 [        975         402]
 [        972         405]
 [        972         426]
 [        975         429]
 [        975         444]
 [        978         441]
 [        978         435]
 [        981         432]
 [        981         426]
 [        984         423]
 [        984         420]
 [        987         417]
 [        987         414]
 [        990         411]
 [        990         408]
 [        996         402]
 [        996         399]
 [        999         396]
 [       1020         396]
 [       1023         399]
 [       1026         399]
 [       1029         402]
 [       1032         402]
 [       1038         408]
 [       1038         411]
 [       1047         420]
 [       1047         423]
 [       1050         426]
 [       1050         462]
 [       1047         465]
 [       1047         468]
 [       1044         471]
 [       1044         477]
 [       1038         483]
 [       1038         486]
 [       1029         495]
 [       1029         513]
 [       1032         516]
 [       1032         531]
 [       1059         531]
 [       1059         522]
 [       1068         513]
 [       1095         513]
 [       1098         510]
 [       1110         510]
 [       1113         507]
 [       1116         507]
 [       1119         504]
 [       1122         504]
 [       1131         495]
 [       1131         492]
 [       1137         486]
 [       1137         483]
 [       1140         480]
 [       1140         477]
 [       1149         468]
 [       1152         468]
 [       1155         465]
 [       1173         465]
 [       1176         462]
 [       1182         462]
 [       1185         459]
 [       1188         459]
 [       1200         447]
 [       1200         444]
 [       1206         438]
 [       1206         432]
 [       1209         429]
 [       1209         423]
 [       1212         420]
 [       1212         411]
 [       1215         408]
 [       1215         399]
 [       1236         378]
 [       1239         378]
 [       1239         375]
 [       1245         369]
 [       1245         366]
 [       1248         363]
 [       1248         360]
 [       1251         357]
 [       1251         345]
 [       1254         342]
 [       1254         327]
 [       1251         324]
 [       1251         318]
 [       1242         309]
 [       1242         306]
 [       1239         303]
 [       1239         291]
 [       1254         276]
 [       1254         273]
 [       1260         267]
 [       1260         264]
 [       1266         258]
 [       1275         258]
 [       1275         210]
 [       1266         210]
 [       1251         195]
 [       1245         195]
 [       1242         192]
 [       1224         192]
 [       1221         195]
 [       1215         195]
 [       1206         204]
 [       1197         195]
 [       1197         192]
 [       1194         189]
 [       1194         177]
 [       1191         174]
 [       1191         165]
 [       1188         162]
 [       1188         156]
 [       1185         153]
 [       1185         147]
 [       1182         144]
 [       1182         141]
 [       1179         138]
 [       1179         135]
 [       1173         129]
 [       1173         126]
 [       1170         123]
 [       1170         120]
 [       1164         114]
 [       1161         114]
 [       1155         108]
 [       1152         108]
 [       1143          99]
 [       1140          99]
 [       1137          96]
 [       1134          96]
 [       1128          90]
 [       1125          90]
 [       1122          87]
 [       1119          87]
 [       1116          84]
 [       1113          84]
 [       1110          81]
 [       1107          81]
 [       1104          78]
 [       1101          78]
 [       1098          75]
 [       1098          66]
 [       1035          66]
 [       1035          75]
 [       1032          78]
 [       1023          78]
 [       1020          81]
 [       1005          81]
 [       1002          84]
 [        987          84]
 [        984          87]
 [        969          87]
 [        966          90]
 [        960          90]
 [        957          93]
 [        951          93]
 [        948          96]
 [        924          96]
 [        921          93]
 [        918          93]
 [        915          90]
 [        912          90]
 [        909          87]
 [        906          87]
 [        903          84]
 [        894          84]
 [        891          81]
 [        885          81]
 [        879          75]
 [        879          66]]
