Image_Name: a38ee14a3433f1498109008ee70d27e7
Class: Face
Inner Main Points: [(241.77829768066178, 220.91164090396956), (295.64290307958674, 202.3211361452419), (166.16583415946113, 169.4272435428872), (203.8030240173025, 294.72242913028526), (267.4723161077329, 159.86871622995537)]
Mask Points:
[[     233.47      104.99]
 [     232.05      106.41]
 [     229.21      106.41]
 [     227.79      107.83]
 [     227.79      109.24]
 [     223.54       113.5]
 [     223.54      114.92]
 [      220.7      117.76]
 [     219.28      117.76]
 [     206.51      130.53]
 [     205.09      130.53]
 [     199.42       136.2]
 [     195.16       136.2]
 [     189.49      141.88]
 [     188.07      141.88]
 [     186.65      143.29]
 [     183.81      143.29]
 [     182.39      144.71]
 [      175.3      144.71]
 [     173.88      143.29]
 [     171.04      143.29]
 [     169.62      141.88]
 [     165.37      141.88]
 [     163.95      140.46]
 [     148.34      140.46]
 [     146.93      139.04]
 [     138.41      139.04]
 [     136.99      140.46]
 [     135.58      140.46]
 [     134.16      141.88]
 [     132.74      141.88]
 [     131.32      143.29]
 [     128.48      143.29]
 [     127.06      144.71]
 [     122.81      144.71]
 [     121.39      146.13]
 [     118.55      146.13]
 [     117.13      147.55]
 [     115.71      147.55]
 [     114.29      148.97]
 [     112.88      148.97]
 [     104.36      157.48]
 [     102.94      157.48]
 [     87.338      173.09]
 [     87.338      174.51]
 [     81.663      180.18]
 [     81.663       181.6]
 [     78.825      184.44]
 [     78.825      187.28]
 [     77.406      188.69]
 [     77.406      191.53]
 [     75.988      192.95]
 [     75.988      195.79]
 [     74.569      197.21]
 [     74.569      200.04]
 [      73.15      201.46]
 [      73.15       204.3]
 [     71.731      205.72]
 [     71.731      208.56]
 [      73.15      209.98]
 [      73.15      215.65]
 [     74.569      217.07]
 [     74.569      221.33]
 [     75.988      222.74]
 [     75.988         227]
 [     77.406      228.42]
 [     77.406      232.68]
 [     78.825      234.09]
 [     78.825      235.51]
 [     80.244      236.93]
 [     80.244      238.35]
 [     81.663      239.77]
 [     81.663      241.19]
 [     83.081      242.61]
 [     83.081      245.44]
 [       84.5      246.86]
 [       84.5      248.28]
 [     85.919       249.7]
 [     85.919      251.12]
 [     87.338      252.54]
 [     87.338      255.38]
 [     88.756      256.79]
 [     88.756      275.24]
 [     90.175      276.66]
 [     90.175      285.17]
 [     91.594      286.59]
 [     91.594      289.43]
 [     93.013      290.84]
 [     93.013      293.68]
 [     94.431       295.1]
 [     94.431      296.52]
 [      95.85      297.94]
 [      95.85      299.36]
 [     97.269      300.78]
 [     97.269      302.19]
 [     98.688      303.61]
 [     98.688      305.03]
 [     100.11      306.45]
 [     101.53      306.45]
 [     102.94      307.87]
 [     104.36      307.87]
 [     105.78      309.29]
 [     105.78      310.71]
 [      107.2      312.12]
 [     108.62      312.12]
 [     121.39      324.89]
 [     122.81      324.89]
 [      129.9      331.99]
 [      129.9      333.41]
 [     131.32      334.83]
 [     131.32      336.24]
 [     132.74      337.66]
 [     132.74      344.76]
 [     134.16      346.18]
 [     134.16      349.01]
 [     136.99      351.85]
 [     136.99      353.27]
 [     138.41      354.69]
 [     139.83      354.69]
 [     142.67      357.53]
 [     144.09      357.53]
 [     145.51      358.94]
 [     146.93      358.94]
 [     148.34      360.36]
 [     155.44      360.36]
 [     159.69      356.11]
 [     161.11      356.11]
 [     163.95      353.27]
 [     165.37      353.27]
 [     166.79      351.85]
 [     168.21      351.85]
 [     169.62      350.43]
 [     171.04      350.43]
 [     172.46      349.01]
 [     182.39      349.01]
 [     183.81      347.59]
 [     199.42      347.59]
 [     200.84      346.18]
 [     203.68      346.18]
 [     205.09      344.76]
 [     207.93      344.76]
 [     209.35      343.34]
 [     210.77      343.34]
 [     212.19      341.92]
 [     215.03      341.92]
 [     216.44       340.5]
 [     219.28       340.5]
 [      220.7      339.08]
 [     236.31      339.08]
 [     239.14      341.92]
 [     240.56      341.92]
 [     241.98      343.34]
 [      243.4      343.34]
 [     244.82      344.76]
 [     247.66      344.76]
 [     249.08      346.18]
 [     261.84      346.18]
 [     263.26      344.76]
 [      266.1      344.76]
 [     267.52      343.34]
 [     268.94      343.34]
 [     274.61      337.66]
 [     274.61      331.99]
 [     281.71      324.89]
 [     281.71      323.48]
 [     283.13      322.06]
 [     283.13      320.64]
 [     287.38      316.38]
 [      288.8      316.38]
 [     291.64      313.54]
 [     291.64      312.12]
 [     294.48      309.29]
 [     294.48      307.87]
 [     297.31      305.03]
 [     297.31      303.61]
 [     298.73      302.19]
 [     300.15      302.19]
 [     307.24       295.1]
 [     307.24      289.43]
 [     308.66      288.01]
 [     308.66      283.75]
 [     310.08      282.33]
 [     310.08      279.49]
 [      311.5      278.08]
 [      311.5      276.66]
 [     314.34      273.82]
 [     314.34       272.4]
 [     315.76      270.98]
 [     315.76      269.56]
 [     325.69      259.63]
 [     325.69      258.21]
 [     331.36      252.54]
 [      334.2      252.54]
 [     335.62      251.12]
 [     337.04      251.12]
 [     337.04      245.44]
 [     335.62      244.03]
 [     335.62      242.61]
 [      334.2      241.19]
 [      334.2      234.09]
 [     329.94      229.84]
 [     329.94      228.42]
 [     328.53         227]
 [     328.53      225.58]
 [     327.11      224.16]
 [     327.11      221.33]
 [     325.69      219.91]
 [     325.69      214.23]
 [     327.11      212.81]
 [     327.11      207.14]
 [     325.69      205.72]
 [     325.69      201.46]
 [     324.27      200.04]
 [     324.27      197.21]
 [     322.85      195.79]
 [     322.85      192.95]
 [     321.43      191.53]
 [     321.43      190.11]
 [     318.59      187.28]
 [     318.59      184.44]
 [     317.18      183.02]
 [     317.18      178.76]
 [     307.24      168.83]
 [     307.24      167.41]
 [     301.57      161.74]
 [     301.57      160.32]
 [     298.73      157.48]
 [     298.73      156.06]
 [     287.38      144.71]
 [     285.96      144.71]
 [     270.36      129.11]
 [     268.94      129.11]
 [     267.52      127.69]
 [      266.1      127.69]
 [     263.26      124.85]
 [     261.84      124.85]
 [     260.43      123.43]
 [     259.01      123.43]
 [     257.59      122.01]
 [     256.17      122.01]
 [     250.49      116.34]
 [     249.08      116.34]
 [     240.56      107.83]
 [     239.14      107.83]
 [     237.73      106.41]
 [     234.89      106.41]]
