Image_Name: a38ee14a3433f1498109008ee70d27e7
Class: Pants
Inner Main Points: [(139.36707268787123, 632.4764161488846), (285.21562861209924, 623.4440907485009), (208.06683824668232, 668.175406121965), (177.949511739331, 664.3205751923831), (256.5118205113654, 666.5414555486287)]
Mask Points:
[[     121.39      581.69]
 [     121.39      699.44]
 [     244.82      699.44]
 [     244.82      695.19]
 [     246.24      693.77]
 [     261.84      693.77]
 [     263.26      692.35]
 [     285.96      692.35]
 [     293.06      685.26]
 [     293.06      683.84]
 [     294.48      682.42]
 [     294.48      675.33]
 [     293.06      673.91]
 [     293.06      648.37]
 [     294.48      646.95]
 [     294.48      627.09]
 [     293.06      625.67]
 [     293.06      607.23]
 [     294.48      605.81]
 [     294.48      597.29]
 [     297.31      594.46]
 [     301.57      594.46]
 [     301.57      581.69]]
