Image_Name: a38ee14a3433f1498109008ee70d27e7
Class: Shoes
Inner Main Points: [(103.21070675836219, 822.4598861329811), (140.79367798133268, 786.1513070759613), (266.0746218277038, 886.4553941705383), (183.91220251545636, 689.7247532818423), (227.55732028420204, 732.3274051642726)]
Mask Points:
[[     87.338      683.84]
 [     87.338      892.39]
 [     117.13      892.39]
 [     117.13      888.14]
 [     118.55      886.72]
 [     134.16      886.72]
 [     135.58       885.3]
 [      152.6       885.3]
 [     154.02      883.88]
 [     158.28      883.88]
 [     159.69      882.46]
 [     162.53      882.46]
 [     163.95      881.04]
 [     182.39      881.04]
 [     183.81      879.63]
 [     189.49      879.63]
 [     190.91      878.21]
 [     192.33      878.21]
 [     193.74      876.79]
 [        198      876.79]
 [     199.42      875.37]
 [     205.09      875.37]
 [     206.51      873.95]
 [     207.93      873.95]
 [     210.77      871.11]
 [     212.19      871.11]
 [     216.44      875.37]
 [     216.44      876.79]
 [     217.86      878.21]
 [     217.86      892.39]
 [     324.27      892.39]
 [     324.27      683.84]
 [     304.41      683.84]
 [     304.41      700.86]
 [     302.99      702.28]
 [     302.99       703.7]
 [     301.57      705.12]
 [     301.57      707.96]
 [     300.15      709.38]
 [     300.15      716.47]
 [     298.73      717.89]
 [     298.73      720.73]
 [     295.89      723.56]
 [     294.48      723.56]
 [     293.06      722.14]
 [     291.64      722.14]
 [     290.22      720.73]
 [     290.22      716.47]
 [      288.8      715.05]
 [      288.8       703.7]
 [     287.38      702.28]
 [     287.38      700.86]
 [      288.8      699.44]
 [      288.8      698.03]
 [     291.64      695.19]
 [     291.64      693.77]
 [     293.06      692.35]
 [     293.06      690.93]
 [     294.48      689.51]
 [     294.48      683.84]]
