Image_Name: 74db33e5332328ba1e980cd14e726526
Class: Leg
Inner Main Points: [(183.47108031798732, 739.2147141964934), (205.82855437509753, 737.6051517847586), (197.29723358840465, 731.854704692724), (191.9389108697263, 729.8495589208792), (190.12934659159862, 712.9878480936552)]
Mask Points:
[[      157.8      678.48]
 [      157.8      715.56]
 [     161.92      715.56]
 [     164.66      718.31]
 [     164.66       723.8]
 [     166.04      725.17]
 [     166.04      734.79]
 [     167.41      736.16]
 [     167.41       749.9]
 [     168.78      751.27]
 [     168.78      762.26]
 [     170.16      763.63]
 [     170.16      771.87]
 [     171.53      773.25]
 [     171.53      775.99]
 [      172.9      777.37]
 [     181.15      777.37]
 [     182.52      778.74]
 [     209.99      778.74]
 [     211.36      777.37]
 [     215.48      777.37]
 [     216.85      775.99]
 [     220.97      775.99]
 [     222.35      774.62]
 [     223.72      774.62]
 [     226.47      771.87]
 [     226.47      727.92]
 [      225.1      726.55]
 [      225.1      722.43]
 [     223.72      721.05]
 [     223.72      714.19]
 [     222.35      712.81]
 [     222.35      678.48]]
