Image_Name: dd58d51108a50696ac90521ab2d75538
Class: Pants
Inner Main Points: [(215.61549010680713, 574.2198320107389), (131.13923610472298, 637.9172096189369), (144.00350636175367, 662.0485177010079), (211.81383709650618, 616.9052706303404), (238.67589287332078, 667.6184965068476)]
Mask Points:
[[     124.83       568.6]
 [     124.83       682.6]
 [     159.17       682.6]
 [     159.17      678.48]
 [     160.54       677.1]
 [     166.04       677.1]
 [     167.41      675.73]
 [      240.2      675.73]
 [     241.58      674.36]
 [     242.95      674.36]
 [     244.32      672.98]
 [     249.82      672.98]
 [     249.82       568.6]]
