Image_Name: 0a7fac06cd0138c51a9bae6ba6860735
Class: Face
Inner Main Points: [(81.31776865576721, 132.0160061242223), (126.8053812157492, 193.50860696359348), (64.8402307297072, 165.46719809550973), (115.78369125052578, 293.5138267605093), (224.1192731821482, 283.6876171612311)]
Mask Points:
[[     128.95      90.647]
 [     127.58       92.02]
 [     124.83       92.02]
 [     123.46      93.394]
 [     122.09      93.394]
 [     113.85      101.63]
 [     112.47      101.63]
 [      111.1      103.01]
 [     109.73      103.01]
 [     108.35      104.38]
 [     106.98      104.38]
 [     105.61      105.75]
 [     104.23      105.75]
 [     102.86      107.13]
 [     101.49      107.13]
 [     100.11       108.5]
 [     98.739       108.5]
 [     95.992      111.25]
 [     94.619      111.25]
 [     93.245      112.62]
 [     91.872      112.62]
 [     90.498         114]
 [     89.125         114]
 [     86.378      116.74]
 [     85.005      116.74]
 [     75.391      126.36]
 [     74.017      126.36]
 [     68.523      131.85]
 [      67.15      131.85]
 [     65.777      133.22]
 [     64.403      133.22]
 [      63.03       134.6]
 [     61.656       134.6]
 [     60.283      135.97]
 [     58.909      135.97]
 [     57.536      137.34]
 [     56.162      137.34]
 [     54.789      138.72]
 [     53.416      138.72]
 [     46.548      145.58]
 [     45.175      145.58]
 [     30.067      160.69]
 [     28.694      160.69]
 [     25.947      163.44]
 [     24.573      163.44]
 [     16.333      171.68]
 [     16.333      173.05]
 [     14.959      174.43]
 [     14.959       175.8]
 [     13.586      177.17]
 [     13.586      179.92]
 [     12.213      181.29]
 [     12.213      184.04]
 [     10.839      185.41]
 [     10.839      195.03]
 [     12.213       196.4]
 [     12.213      199.15]
 [     13.586      200.52]
 [     13.586       201.9]
 [     14.959      203.27]
 [     14.959      204.64]
 [       23.2      212.88]
 [       23.2      214.26]
 [      27.32      218.38]
 [      27.32      219.75]
 [     36.934      229.36]
 [     36.934      230.74]
 [     41.055      234.86]
 [     41.055      236.23]
 [     47.922       243.1]
 [     47.922      244.47]
 [     50.669      247.22]
 [     50.669      248.59]
 [     53.416      251.34]
 [     53.416      252.71]
 [     54.789      254.09]
 [     54.789      255.46]
 [     56.162      256.83]
 [     56.162      259.58]
 [     57.536      260.95]
 [     57.536      262.33]
 [     58.909       263.7]
 [     58.909      266.45]
 [     60.283      267.82]
 [     60.283      269.19]
 [     61.656      270.57]
 [     61.656      271.94]
 [     65.777      276.06]
 [     65.777      277.43]
 [     72.644       284.3]
 [     72.644      285.67]
 [     80.884      293.92]
 [     80.884      295.29]
 [     87.752      302.16]
 [     87.752      303.53]
 [     100.11      315.89]
 [     100.11      317.26]
 [     108.35       325.5]
 [     109.73       325.5]
 [      111.1      326.88]
 [      111.1      328.25]
 [     119.34      336.49]
 [     120.71      336.49]
 [     124.83      340.61]
 [     126.21      340.61]
 [     127.58      341.99]
 [     128.95      341.99]
 [     130.33      343.36]
 [     133.07      343.36]
 [     134.45      344.73]
 [     135.82      344.73]
 [      137.2      343.36]
 [     139.94      343.36]
 [     141.32      341.99]
 [     142.69      341.99]
 [     144.06      340.61]
 [     145.44      340.61]
 [     146.81      339.24]
 [     148.18      339.24]
 [     149.56      337.87]
 [     150.93      337.87]
 [     153.68      335.12]
 [     155.05      335.12]
 [     161.92      328.25]
 [     161.92      326.88]
 [     164.66      324.13]
 [     166.04      324.13]
 [     170.16      320.01]
 [      172.9      320.01]
 [     174.28      318.64]
 [     177.02      318.64]
 [      178.4      317.26]
 [     179.77      317.26]
 [     181.15      315.89]
 [     182.52      315.89]
 [     185.27      313.14]
 [     186.64      313.14]
 [     188.01      311.77]
 [     189.39      311.77]
 [     190.76       310.4]
 [     192.13       310.4]
 [     194.88      307.65]
 [     196.25      307.65]
 [     197.63      306.28]
 [        199      306.28]
 [     203.12      302.16]
 [     204.49      302.16]
 [     208.61      298.04]
 [     209.99      298.04]
 [     211.36      296.66]
 [     215.48      296.66]
 [     216.85      295.29]
 [     218.23      295.29]
 [     220.97      292.54]
 [     222.35      292.54]
 [     227.84      287.05]
 [     229.22      287.05]
 [     230.59      285.67]
 [     231.96      285.67]
 [     233.34       284.3]
 [     234.71       284.3]
 [     236.08      282.93]
 [     237.46      282.93]
 [     238.83      281.55]
 [      240.2      281.55]
 [     249.82      271.94]
 [     249.82      267.82]
 [     248.44      266.45]
 [     248.44      265.07]
 [     247.07      265.07]
 [      245.7       263.7]
 [     242.95       263.7]
 [     241.58      262.33]
 [     237.46      262.33]
 [     234.71      259.58]
 [     234.71      258.21]
 [     231.96      255.46]
 [     231.96      252.71]
 [     230.59      251.34]
 [     230.59      248.59]
 [     229.22      247.22]
 [     229.22      244.47]
 [      225.1      240.35]
 [      225.1      238.98]
 [     223.72       237.6]
 [     223.72      221.12]
 [     222.35      219.75]
 [     222.35      218.38]
 [     220.97         217]
 [     220.97      214.26]
 [      219.6      212.88]
 [      219.6      211.51]
 [     209.99       201.9]
 [     209.99      200.52]
 [     201.75      192.28]
 [     200.37      192.28]
 [     194.88      186.79]
 [     194.88      185.41]
 [     193.51      184.04]
 [     193.51      182.67]
 [     192.13      181.29]
 [     192.13      179.92]
 [     190.76      178.55]
 [     190.76      167.56]
 [     189.39      166.19]
 [     189.39      164.81]
 [     188.01      164.81]
 [     181.15      157.95]
 [     179.77      157.95]
 [      178.4      156.57]
 [     174.28      156.57]
 [      172.9       155.2]
 [      172.9      151.08]
 [     171.53       149.7]
 [     171.53      148.33]
 [     170.16      146.96]
 [     170.16      145.58]
 [     160.54      135.97]
 [     160.54       134.6]
 [     159.17      133.22]
 [     159.17      130.48]
 [      157.8       129.1]
 [      157.8      127.73]
 [     156.42      126.36]
 [     156.42      124.98]
 [     155.05      123.61]
 [     155.05      122.24]
 [     153.68      120.86]
 [     153.68      119.49]
 [     150.93      116.74]
 [     150.93      115.37]
 [     149.56         114]
 [     149.56      112.62]
 [     146.81      109.88]
 [     146.81       108.5]
 [     144.06      105.75]
 [     144.06      104.38]
 [     139.94      100.26]
 [     139.94      98.887]
 [     135.82      94.767]
 [     135.82      93.394]
 [     134.45       92.02]
 [      131.7       92.02]
 [     130.33      90.647]]
