Image_Name: 0a7fac06cd0138c51a9bae6ba6860735
Class: Pants
Inner Main Points: [(242.05917238365652, 585.5158582125761), (147.68335629389372, 655.2952845247478), (242.94402039890232, 631.4729331102302), (172.32720196115218, 609.7082374854032), (217.70869691520716, 643.589417738682)]
Mask Points:
[[     124.83       568.6]
 [     124.83       682.6]
 [     159.17       682.6]
 [     159.17      678.48]
 [     160.54       677.1]
 [     166.04       677.1]
 [     167.41      675.73]
 [      240.2      675.73]
 [     241.58      674.36]
 [     242.95      674.36]
 [     244.32      672.98]
 [     249.82      672.98]
 [     249.82       568.6]]
