Image_Name: 03c5e2863946c180b7a2a70b89874662
Class: Ear
Inner Main Points: [(319.0497092120832, 269.21124932431604), (326.32980309796255, 251.79584587670047), (335.3167242610692, 248.15848037946353), (333.7693845776988, 251.47557230931915), (334.5513816253722, 266.3429160436783)]
Mask Points:
[[     317.18      224.16]
 [     317.18      229.84]
 [     314.34      232.68]
 [     314.34      234.09]
 [     312.92      235.51]
 [     312.92      236.93]
 [      311.5      238.35]
 [      311.5      239.77]
 [     310.08      241.19]
 [     310.08      244.03]
 [     308.66      245.44]
 [     308.66      246.86]
 [     307.24      248.28]
 [     307.24      251.12]
 [     305.83      252.54]
 [     305.83      259.63]
 [     304.41      261.05]
 [     304.41      266.73]
 [     302.99      268.14]
 [     302.99      270.98]
 [     301.57       272.4]
 [     297.31       272.4]
 [     297.31      297.94]
 [     304.41      297.94]
 [     305.83      296.52]
 [     308.66      296.52]
 [     310.08       295.1]
 [     312.92       295.1]
 [     314.34      293.68]
 [     317.18      293.68]
 [     318.59      292.26]
 [     320.01      292.26]
 [     321.43      290.84]
 [     322.85      290.84]
 [     324.27      289.43]
 [     325.69      289.43]
 [     328.53      286.59]
 [     329.94      286.59]
 [     339.88      276.66]
 [     339.88      275.24]
 [     344.13      270.98]
 [     344.13      269.56]
 [     345.55      268.14]
 [     345.55      265.31]
 [     348.39      262.47]
 [     352.64      262.47]
 [     352.64      235.51]
 [     348.39      235.51]
 [     346.97      234.09]
 [     346.97      232.68]
 [     345.55      231.26]
 [     345.55      224.16]]
