Image_Name: 03c5e2863946c180b7a2a70b89874662
Class: Eye
Inner Main Points: [(249.76630268096858, 233.72613753292993), (263.53166802416393, 226.17326797223916), (253.5559637337928, 220.45402529870302), (257.006876031318, 218.16946947801807), (252.26139267228703, 247.0622686052308)]
Mask Points:
[[     234.89      207.14]
 [     234.89      258.21]
 [     240.56      258.21]
 [     241.98      259.63]
 [      243.4      259.63]
 [     244.82      261.05]
 [     254.75      261.05]
 [     256.17      259.63]
 [     260.43      259.63]
 [     261.84      258.21]
 [     263.26      258.21]
 [     268.94      252.54]
 [     268.94      251.12]
 [     270.36       249.7]
 [     270.36      248.28]
 [     271.78      246.86]
 [     271.78      244.03]
 [     273.19      242.61]
 [     273.19      241.19]
 [     274.61      239.77]
 [     278.87      239.77]
 [     278.87      222.74]
 [     274.61      222.74]
 [     271.78      219.91]
 [     271.78      217.07]
 [     268.94      214.23]
 [     268.94      212.81]
 [     267.52      211.39]
 [     267.52      207.14]]
