Image_Name: 03c5e2863946c180b7a2a70b89874662
Class: Stock
Inner Main Points: [(245.39323353199478, 801.8652003290233), (240.69108210333042, 806.9145571607083), (245.32974519290013, 814.4149408954371), (242.53822364129834, 813.1193591071482), (248.55323734482357, 810.2470400554591)]
Mask Points:
[[     229.21      791.66]
 [     229.21      832.81]
 [     233.47      832.81]
 [     234.89      834.23]
 [     236.31      834.23]
 [     239.14      837.06]
 [     239.14      841.32]
 [     240.56      841.32]
 [     240.56      835.64]
 [      243.4      832.81]
 [      243.4      831.39]
 [     246.24      828.55]
 [     246.24      827.13]
 [     249.08      824.29]
 [     250.49      824.29]
 [     251.91      822.88]
 [     254.75      822.88]
 [     256.17      821.46]
 [     260.43      821.46]
 [     261.84      820.04]
 [     278.87      820.04]
 [     278.87      791.66]]
