Image_Name: 03c5e2863946c180b7a2a70b89874662
Class: Stock
Inner Main Points: [(174.0402046497694, 819.7179082975247), (164.48241569798628, 815.7760782012778), (167.52110373666952, 812.8266935218932), (163.33822134346, 805.6677060228845), (160.6328069428639, 806.4037212541522)]
Mask Points:
[[     138.41      791.66]
 [     138.41      815.78]
 [     145.51      815.78]
 [     146.93       817.2]
 [     148.34       817.2]
 [     151.18      820.04]
 [      152.6      820.04]
 [     158.28      825.71]
 [     158.28      827.13]
 [     159.69      828.55]
 [     159.69      829.97]
 [     161.11      831.39]
 [     161.11      832.81]
 [     163.95      835.64]
 [     163.95      841.32]
 [     169.62      841.32]
 [     169.62      837.06]
 [     171.04      835.64]
 [     172.46      835.64]
 [      175.3      832.81]
 [     176.72      832.81]
 [     183.81      825.71]
 [     183.81      824.29]
 [     185.23      822.88]
 [     185.23      821.46]
 [     186.65      820.04]
 [     186.65      811.53]
 [     188.07      810.11]
 [     188.07      791.66]]
