Image_Name: 08bc92fb37580bf931fa2efd7d66be8d
Class: Hand
Inner Main Points: [(157.08929219503062, 627.7492475370758), (172.57602469271598, 620.7316075040221), (179.3076546495086, 591.9954138362461), (181.00619004877646, 589.6881679686408), (155.05426549454842, 624.7581420003983)]
Mask Points:
[[     135.82       568.6]
 [     135.82      642.77]
 [     160.54      642.77]
 [     161.92      644.14]
 [     167.41      644.14]
 [     168.78      645.52]
 [     170.16      645.52]
 [     171.53      644.14]
 [     185.27      644.14]
 [     186.64      645.52]
 [     196.25      645.52]
 [        199      642.77]
 [        199       641.4]
 [     200.37      640.02]
 [     200.37      638.65]
 [     201.75      637.27]
 [     201.75      630.41]
 [     203.12      629.03]
 [     203.12      618.05]
 [     204.49      616.67]
 [     204.49      596.07]
 [     203.12       594.7]
 [     203.12      586.46]
 [     201.75      585.08]
 [     201.75      575.47]
 [     203.12       574.1]
 [     203.12       568.6]]
