Image_Name: 08bc92fb37580bf931fa2efd7d66be8d
Class: Neck
Inner Main Points: [(179.2049385616628, 316.70793087708597), (211.06453691693295, 318.6101768396904), (185.2257211945529, 325.4238193519094), (213.5093835739767, 311.64117854960335), (185.61090200101458, 328.1912622089809)]
Mask Points:
[[     189.39      288.42]
 [     189.39      292.54]
 [     186.64      295.29]
 [     183.89      295.29]
 [     182.52      296.66]
 [      178.4      296.66]
 [     177.02      298.04]
 [     175.65      298.04]
 [     174.28      299.41]
 [     171.53      299.41]
 [     170.16      300.78]
 [     163.29      300.78]
 [     163.29      332.37]
 [     167.41      332.37]
 [     170.16      335.12]
 [     170.16      340.61]
 [     167.41      343.36]
 [     163.29      343.36]
 [     163.29      352.97]
 [     175.65      352.97]
 [     175.65      347.48]
 [      178.4      344.73]
 [     189.39      344.73]
 [     190.76      346.11]
 [     197.63      346.11]
 [        199      344.73]
 [     201.75      344.73]
 [     204.49      341.99]
 [     205.87      341.99]
 [     209.99      337.87]
 [     211.36      337.87]
 [     212.73      336.49]
 [     215.48      336.49]
 [     216.85      335.12]
 [      219.6      335.12]
 [     220.97      333.75]
 [     223.72      333.75]
 [      225.1      332.37]
 [     226.47      332.37]
 [     227.84         331]
 [     227.84      329.62]
 [     229.22      328.25]
 [     229.22      326.88]
 [     230.59       325.5]
 [     230.59      322.76]
 [     231.96      321.38]
 [     231.96      288.42]]
