Image_Name: 08bc92fb37580bf931fa2efd7d66be8d
Class: Pants
Inner Main Points: [(140.29103918854145, 597.8021406927797), (145.4818378458495, 624.159052098093), (215.4210147039504, 646.2964129841059), (226.17776823452647, 601.230351926094), (209.4422381102384, 610.0591034426782)]
Mask Points:
[[     124.83       568.6]
 [     124.83       682.6]
 [     159.17       682.6]
 [     159.17      678.48]
 [     160.54       677.1]
 [     166.04       677.1]
 [     167.41      675.73]
 [      240.2      675.73]
 [     241.58      674.36]
 [     242.95      674.36]
 [     244.32      672.98]
 [     249.82      672.98]
 [     249.82       568.6]]
