Image_Name: 08bc92fb37580bf931fa2efd7d66be8d
Class: Shoe
Inner Main Points: [(182.89516551287403, 827.3480862405413), (221.89953717116657, 829.3001787883811), (190.80235051218142, 819.0632178593337), (197.5019171818509, 823.2378633457204), (133.43059282101757, 822.0765055837753)]
Mask Points:
[[     91.872      788.35]
 [     91.872      868.01]
 [     130.33      868.01]
 [      131.7      869.39]
 [     139.94      869.39]
 [     141.32      870.76]
 [     141.32      874.88]
 [     174.28      874.88]
 [     174.28      870.76]
 [     175.65      869.39]
 [     192.13      869.39]
 [     193.51      868.01]
 [     238.83      868.01]
 [      240.2      866.64]
 [     241.58      866.64]
 [     244.32      863.89]
 [     244.32      807.58]
 [     242.95      806.21]
 [     242.95      800.71]
 [     241.58      799.34]
 [     241.58      795.22]
 [      240.2      793.85]
 [      240.2      788.35]
 [     220.97      788.35]
 [     220.97      792.47]
 [     218.23      795.22]
 [     215.48      795.22]
 [     214.11      796.59]
 [     190.76      796.59]
 [     189.39      795.22]
 [     186.64      795.22]
 [     185.27      793.85]
 [     182.52      793.85]
 [     181.15      792.47]
 [     181.15      788.35]]
