Image_Name: eb1b3344c817df328e932f73a863f8a9
Class: Hand
Inner Main Points: [(74.66503116688932, 621.3684145211898), (72.60648021026464, 617.8236770413505), (74.72538188635977, 619.1337062384175), (68.9875354341299, 618.2901614405769), (74.92058115359409, 624.8983082643616)]
Mask Points:
[[     51.125      601.72]
 [     51.125      607.38]
 [     49.713      608.79]
 [     49.713       610.2]
 [       48.3      611.61]
 [       48.3      613.03]
 [     45.475      615.85]
 [     45.475      617.26]
 [     44.062      618.67]
 [     44.062       621.5]
 [      42.65      622.91]
 [      42.65      625.74]
 [     41.237      627.15]
 [     41.237      629.97]
 [     39.825      631.39]
 [     39.825      634.21]
 [     38.413      635.62]
 [     38.413      639.86]
 [     35.588      642.69]
 [     35.588       644.1]
 [     32.763      646.92]
 [     28.525      646.92]
 [     28.525      673.76]
 [     41.237      673.76]
 [     41.237      668.11]
 [      42.65       666.7]
 [     44.062       666.7]
 [       48.3      662.46]
 [       48.3      661.05]
 [     51.125      658.22]
 [     51.125      656.81]
 [     52.538       655.4]
 [     52.538      653.99]
 [      53.95      652.58]
 [      53.95      651.16]
 [     55.362      649.75]
 [     56.775      649.75]
 [     58.188      651.16]
 [     58.188      653.99]
 [       59.6       655.4]
 [       59.6      658.22]
 [     61.013      659.64]
 [     63.838      659.64]
 [      65.25      661.05]
 [     66.662      661.05]
 [       70.9      656.81]
 [       70.9       655.4]
 [     72.312      653.99]
 [     72.312      649.75]
 [     73.725      648.34]
 [     73.725      645.51]
 [     77.963      641.28]
 [     79.375      641.28]
 [     80.787      639.86]
 [       82.2      639.86]
 [     83.613      638.45]
 [      87.85      638.45]
 [     89.263      637.04]
 [     92.087      637.04]
 [       93.5      635.62]
 [     94.912      635.62]
 [     96.325      634.21]
 [     100.56      634.21]
 [     100.56       632.8]
 [     96.325       632.8]
 [     94.912      631.39]
 [     94.912      628.56]
 [       93.5      627.15]
 [       93.5      615.85]
 [     94.912      614.44]
 [     94.912      611.61]
 [     96.325       610.2]
 [     100.56       610.2]
 [     100.56      601.72]]
