Image_Name: eb1b3344c817df328e932f73a863f8a9
Class: Leg
Inner Main Points: [(137.87263830479043, 765.8281362306175), (143.37827460661552, 767.1575849835287), (123.77303950585947, 770.7944392267618), (142.8266005383179, 787.5152537341994), (151.6378767388303, 769.5084823831792)]
Mask Points:
[[     107.62      703.42]
 [     107.62      799.47]
 [     113.27      799.47]
 [     114.69      800.89]
 [     121.75      800.89]
 [     123.16       802.3]
 [      127.4       802.3]
 [     128.81      803.71]
 [      138.7      803.71]
 [     140.11      805.12]
 [     140.11      809.36]
 [     157.06      809.36]
 [     157.06      805.12]
 [     158.47      803.71]
 [     158.47       802.3]
 [     159.89      800.89]
 [     159.89      798.06]
 [      161.3      796.65]
 [      161.3      793.83]
 [     162.71      792.41]
 [     162.71      788.17]
 [     164.12      786.76]
 [     164.12      782.53]
 [     165.54      781.11]
 [     165.54      775.46]
 [     166.95      774.05]
 [     166.95      737.33]
 [     168.36      735.91]
 [     168.36       723.2]
 [     166.95      721.79]
 [     166.95       711.9]
 [     169.77      709.08]
 [     174.01      709.08]
 [     174.01      703.42]
 [     159.89      703.42]
 [     159.89      707.66]
 [     158.47      709.08]
 [     157.06      709.08]
 [     155.65      707.66]
 [     155.65      703.42]]
