Image_Name: eb1b3344c817df328e932f73a863f8a9
Class: Leg
Inner Main Points: [(227.53250952371914, 778.863401641631), (218.78588589141148, 720.3950916596375), (236.24183945805373, 732.1116384431425), (221.23161327985073, 750.3790870860349), (226.07048639577707, 739.479562657295)]
Mask Points:
[[     198.02      703.42]
 [     198.02      805.12]
 [     202.26      805.12]
 [     203.68      806.54]
 [      206.5      806.54]
 [     207.91      807.95]
 [     243.22      807.95]
 [     244.64      806.54]
 [     250.29      806.54]
 [     253.11      803.71]
 [     253.11      796.65]
 [     254.52      795.24]
 [     254.52      785.35]
 [     255.94      783.94]
 [     255.94       768.4]
 [     257.35      766.99]
 [     257.35      730.26]
 [     255.94      728.85]
 [     255.94      727.44]
 [     254.52      726.03]
 [     254.52       723.2]
 [     253.11      721.79]
 [     253.11      720.38]
 [      251.7      718.96]
 [      251.7      717.55]
 [     250.29      716.14]
 [     250.29      703.42]]
