Image_Name: 55acd4b8c19d5efddde2d2a76ba822bc
Class: Hand
Inner Main Points: [(154.74273161225545, 623.7628466604788), (171.46982428281717, 622.8651999351713), (171.78052371432037, 586.7635846142941), (158.93415489520973, 599.3853215332415), (174.81765609530547, 606.030797728421)]
Mask Points:
[[     135.82       568.6]
 [     135.82      642.77]
 [     160.54      642.77]
 [     161.92      644.14]
 [     167.41      644.14]
 [     168.78      645.52]
 [     170.16      645.52]
 [     171.53      644.14]
 [     185.27      644.14]
 [     186.64      645.52]
 [     196.25      645.52]
 [        199      642.77]
 [        199       641.4]
 [     200.37      640.02]
 [     200.37      638.65]
 [     201.75      637.27]
 [     201.75      630.41]
 [     203.12      629.03]
 [     203.12      618.05]
 [     204.49      616.67]
 [     204.49      596.07]
 [     203.12       594.7]
 [     203.12      586.46]
 [     201.75      585.08]
 [     201.75      575.47]
 [     203.12       574.1]
 [     203.12       568.6]]
