Image_Name: 55acd4b8c19d5efddde2d2a76ba822bc
Class: Pants
Inner Main Points: [(197.91480000325151, 654.5788065533651), (202.1703641348756, 649.531613176726), (144.12625310436619, 643.566334310048), (170.79329381818076, 594.523862745589), (222.97233658021645, 645.2910982305829)]
Mask Points:
[[     124.83       568.6]
 [     124.83       682.6]
 [     159.17       682.6]
 [     159.17      678.48]
 [     160.54       677.1]
 [     166.04       677.1]
 [     167.41      675.73]
 [      240.2      675.73]
 [     241.58      674.36]
 [     242.95      674.36]
 [     244.32      672.98]
 [     249.82      672.98]
 [     249.82       568.6]]
