Image_Name: 55acd4b8c19d5efddde2d2a76ba822bc
Class: Shoe
Inner Main Points: [(200.61711736711834, 840.4151505089861), (161.44540959259098, 813.3346651633162), (137.80657847569736, 827.3340868632595), (111.27443017641023, 805.4673653351714), (215.3683248040864, 836.8286266582256)]
Mask Points:
[[     91.872      788.35]
 [     91.872      868.01]
 [     130.33      868.01]
 [      131.7      869.39]
 [     139.94      869.39]
 [     141.32      870.76]
 [     141.32      874.88]
 [     174.28      874.88]
 [     174.28      870.76]
 [     175.65      869.39]
 [     192.13      869.39]
 [     193.51      868.01]
 [     238.83      868.01]
 [      240.2      866.64]
 [     241.58      866.64]
 [     244.32      863.89]
 [     244.32      807.58]
 [     242.95      806.21]
 [     242.95      800.71]
 [     241.58      799.34]
 [     241.58      795.22]
 [      240.2      793.85]
 [      240.2      788.35]
 [     220.97      788.35]
 [     220.97      792.47]
 [     218.23      795.22]
 [     215.48      795.22]
 [     214.11      796.59]
 [     190.76      796.59]
 [     189.39      795.22]
 [     186.64      795.22]
 [     185.27      793.85]
 [     182.52      793.85]
 [     181.15      792.47]
 [     181.15      788.35]]
