Image_Name: 1c60d5fc8ad3bfa963718957d35d4591
Class: Eye
Inner Main Points: [(245.8167986628111, 225.65731215384423), (260.06566064702423, 245.01198963146504), (248.00860332567567, 231.61596546912716), (263.5218914757527, 227.63588738139754), (250.79947016719385, 244.6040036999438)]
Mask Points:
[[     234.89      207.14]
 [     234.89      258.21]
 [     240.56      258.21]
 [     241.98      259.63]
 [      243.4      259.63]
 [     244.82      261.05]
 [     254.75      261.05]
 [     256.17      259.63]
 [     260.43      259.63]
 [     261.84      258.21]
 [     263.26      258.21]
 [     268.94      252.54]
 [     268.94      251.12]
 [     270.36       249.7]
 [     270.36      248.28]
 [     271.78      246.86]
 [     271.78      244.03]
 [     273.19      242.61]
 [     273.19      241.19]
 [     274.61      239.77]
 [     278.87      239.77]
 [     278.87      222.74]
 [     274.61      222.74]
 [     271.78      219.91]
 [     271.78      217.07]
 [     268.94      214.23]
 [     268.94      212.81]
 [     267.52      211.39]
 [     267.52      207.14]]
