Image_Name: 1c60d5fc8ad3bfa963718957d35d4591
Class: Leg
Inner Main Points: [(178.84880454788237, 758.6588597739196), (188.57343358019565, 744.6052854939963), (165.78463374810934, 713.8388729260108), (157.09091942071768, 762.740083304155), (164.6119099320026, 732.3358661105405)]
Mask Points:
[[     138.41      689.51]
 [     138.41      788.83]
 [     144.09      788.83]
 [     145.51      790.24]
 [     146.93      790.24]
 [     148.34      791.66]
 [      152.6      791.66]
 [     154.02      793.08]
 [     173.88      793.08]
 [      175.3      791.66]
 [     179.56      791.66]
 [     180.98      790.24]
 [     185.23      790.24]
 [     186.65      788.83]
 [     188.07      788.83]
 [     188.07      787.41]
 [     189.49      785.99]
 [     189.49      781.73]
 [     190.91      780.31]
 [     190.91      773.22]
 [     192.33       771.8]
 [     192.33      761.87]
 [     193.74      760.45]
 [     193.74      754.78]
 [     195.16      753.36]
 [     199.42      753.36]
 [     199.42      689.51]
 [     166.79      689.51]
 [     166.79      693.77]
 [     165.37      695.19]
 [     159.69      695.19]
 [     158.28      693.77]
 [     158.28      689.51]]
