Image_Name: 1c60d5fc8ad3bfa963718957d35d4591
Class: Lower_clothes
Inner Main Points: [(168.0826674867459, 648.447939114403), (131.90908138360209, 638.3625312813252), (158.53563103900004, 677.0833921699439), (201.30504694867432, 666.080276643821), (265.1258418305191, 627.0374371882335)]
Mask Points:
[[     122.81      581.69]
 [     122.81      588.78]
 [     121.39       590.2]
 [     121.39      593.04]
 [     119.97      594.46]
 [     115.71      594.46]
 [     115.71      682.42]
 [     121.39      682.42]
 [     122.81      683.84]
 [     125.64      683.84]
 [     127.06      685.26]
 [     128.48      685.26]
 [      129.9      686.68]
 [     138.41      686.68]
 [     139.83      688.09]
 [     144.09      688.09]
 [     145.51      689.51]
 [     148.34      689.51]
 [     149.76      690.93]
 [     151.18      690.93]
 [      152.6      692.35]
 [     156.86      692.35]
 [     158.28      693.77]
 [     168.21      693.77]
 [     169.62      692.35]
 [     176.72      692.35]
 [     178.14      690.93]
 [     185.23      690.93]
 [     186.65      689.51]
 [     203.68      689.51]
 [     205.09      688.09]
 [     226.38      688.09]
 [     227.79      689.51]
 [     233.47      689.51]
 [     234.89      690.93]
 [     247.66      690.93]
 [     249.08      689.51]
 [     254.75      689.51]
 [     256.17      688.09]
 [     259.01      688.09]
 [     260.43      686.68]
 [     264.68      686.68]
 [      266.1      685.26]
 [     267.52      685.26]
 [     268.94      683.84]
 [     273.19      683.84]
 [     274.61      682.42]
 [     280.29      682.42]
 [     281.71         681]
 [     284.54         681]
 [     285.96      679.58]
 [     287.38      679.58]
 [      288.8      678.16]
 [     290.22      678.16]
 [     291.64      676.74]
 [     295.89      676.74]
 [     295.89      644.11]
 [     291.64      644.11]
 [     290.22      642.69]
 [     290.22      638.44]
 [      288.8      637.02]
 [      288.8      627.09]
 [     287.38      625.67]
 [     287.38      619.99]
 [     285.96      618.58]
 [     285.96      611.48]
 [     284.54      610.06]
 [     284.54      602.97]
 [     283.13      601.55]
 [     283.13      593.04]
 [     281.71      591.62]
 [     281.71      581.69]
 [     263.26      581.69]
 [     263.26      585.94]
 [     261.84      587.36]
 [     260.43      587.36]
 [     259.01      588.78]
 [     253.33      588.78]
 [     251.91       590.2]
 [     244.82       590.2]
 [      243.4      591.62]
 [     230.63      591.62]
 [     229.21      593.04]
 [     209.35      593.04]
 [     207.93      594.46]
 [        198      594.46]
 [     196.58      593.04]
 [     158.28      593.04]
 [     156.86      591.62]
 [      152.6      591.62]
 [     151.18       590.2]
 [     149.76       590.2]
 [     148.34      588.78]
 [     145.51      588.78]
 [     142.67      585.94]
 [     142.67      581.69]]
