Image_Name: 1c60d5fc8ad3bfa963718957d35d4591
Class: Stock
Inner Main Points: [(171.63675101541708, 815.010839857734), (170.61302857020544, 813.4900207261143), (174.91692348438096, 817.9942600245004), (166.02802164768255, 803.5973066365962), (159.98360342712203, 808.4444211482518)]
Mask Points:
[[     138.41      791.66]
 [     138.41      815.78]
 [     145.51      815.78]
 [     146.93       817.2]
 [     148.34       817.2]
 [     151.18      820.04]
 [      152.6      820.04]
 [     158.28      825.71]
 [     158.28      827.13]
 [     159.69      828.55]
 [     159.69      829.97]
 [     161.11      831.39]
 [     161.11      832.81]
 [     165.37      837.06]
 [     165.37      841.32]
 [     169.62      841.32]
 [     169.62      837.06]
 [     171.04      835.64]
 [     172.46      835.64]
 [      175.3      832.81]
 [     176.72      832.81]
 [     183.81      825.71]
 [     183.81      824.29]
 [     185.23      822.88]
 [     185.23      821.46]
 [     186.65      820.04]
 [     186.65      811.53]
 [     188.07      810.11]
 [     188.07      791.66]]
