Image_Name: 1c60d5fc8ad3bfa963718957d35d4591
Class: Stock
Inner Main Points: [(241.38432880547012, 811.8676720362873), (255.10017680469713, 803.0182929202316), (241.93660501446806, 803.5585526594181), (252.70329349079034, 807.3269822358328), (263.0971860731661, 802.3667625409748)]
Mask Points:
[[     229.21      791.66]
 [     229.21      832.81]
 [     233.47      832.81]
 [     234.89      834.23]
 [     236.31      834.23]
 [     239.14      837.06]
 [     239.14      841.32]
 [     240.56      841.32]
 [     240.56      835.64]
 [      243.4      832.81]
 [      243.4      831.39]
 [     246.24      828.55]
 [     246.24      827.13]
 [     249.08      824.29]
 [     250.49      824.29]
 [     251.91      822.88]
 [     254.75      822.88]
 [     256.17      821.46]
 [     260.43      821.46]
 [     261.84      820.04]
 [     278.87      820.04]
 [     278.87      791.66]]
