Image_Name: eeb2b80f8842306952602f873f100579
Class: Ear
Inner Main Points: [(58.528544576629876, 274.972446051938), (57.56301446313362, 270.2468114086062), (67.22039773433497, 286.41707852313175), (60.82022210813314, 278.11848494103015), (52.221322629653955, 265.91100616102057)]
Mask Points:
[[     39.825      234.48]
 [     39.825      275.44]
 [     44.062      275.44]
 [     46.888      278.26]
 [     46.888      279.67]
 [       48.3      281.09]
 [       48.3       282.5]
 [     51.125      285.33]
 [     51.125      286.74]
 [     52.538      288.15]
 [     52.538      289.56]
 [     62.425      299.45]
 [     63.838      299.45]
 [     66.662      302.27]
 [     68.075      302.27]
 [     69.488      303.69]
 [     72.312      303.69]
 [     73.725       305.1]
 [     75.138       305.1]
 [     77.963      307.92]
 [     77.963      312.16]
 [       93.5      312.16]
 [       93.5      307.92]
 [     92.087      306.51]
 [     92.087       305.1]
 [     90.675      303.69]
 [     90.675      302.27]
 [     89.263      300.86]
 [     89.263      299.45]
 [      87.85      298.04]
 [      87.85      296.62]
 [     86.438      295.21]
 [     86.438       293.8]
 [     85.025      292.39]
 [     85.025      290.98]
 [     83.613      289.56]
 [     83.613      288.15]
 [       82.2      286.74]
 [       82.2      285.33]
 [     79.375       282.5]
 [     79.375      281.09]
 [     77.963      279.67]
 [     77.963      278.26]
 [      76.55      276.85]
 [      76.55      275.44]
 [     73.725      272.61]
 [     73.725       271.2]
 [     72.312      269.79]
 [     72.312      268.38]
 [       70.9      266.96]
 [       70.9      265.55]
 [     69.488      264.14]
 [     69.488      262.73]
 [     68.075      261.31]
 [     68.075       259.9]
 [     66.662      258.49]
 [     66.662      257.08]
 [      65.25      255.66]
 [      65.25      254.25]
 [     63.838      252.84]
 [     63.838      251.43]
 [     61.013       248.6]
 [     61.013      247.19]
 [       59.6      245.77]
 [       59.6      242.95]
 [     58.188      241.54]
 [     58.188      234.48]]
