Image_Name: eeb2b80f8842306952602f873f100579
Class: Hair
Inner Main Points: [(303.9058883630014, 207.3400373919685), (128.01992495938828, 54.12640954906291), (200.25729274310748, 88.71701494058127), (160.04760668856642, 193.80228362066984), (259.9715080265433, 263.5868395293252)]
Mask Points:
[[      138.7      31.075]
 [      138.7      35.312]
 [     135.88      38.138]
 [     134.46      38.138]
 [     133.05       39.55]
 [     131.64       39.55]
 [     130.22      40.963]
 [     128.81      40.963]
 [      127.4      42.375]
 [     124.57      42.375]
 [     123.16      43.787]
 [     121.75      43.787]
 [     120.34        45.2]
 [     118.92        45.2]
 [     117.51      46.612]
 [      116.1      46.612]
 [     114.69      48.025]
 [     113.27      48.025]
 [     111.86      49.438]
 [     110.45      49.438]
 [     107.62      52.263]
 [     106.21      52.263]
 [      104.8      53.675]
 [     103.39      53.675]
 [      99.15      57.912]
 [     97.737      57.912]
 [       93.5       62.15]
 [     92.087       62.15]
 [     90.675      63.562]
 [     89.263      63.562]
 [       82.2      70.625]
 [     80.787      70.625]
 [     77.963       73.45]
 [     77.963      74.863]
 [     72.312      80.512]
 [     72.312      81.925]
 [     66.662      87.575]
 [     66.662      88.988]
 [     63.838      91.812]
 [     63.838      93.225]
 [     62.425      94.637]
 [     62.425       96.05]
 [       59.6      98.875]
 [       59.6      100.29]
 [     56.775      103.11]
 [     56.775      104.53]
 [     52.538      108.76]
 [     52.538      110.18]
 [     51.125      111.59]
 [     51.125      114.41]
 [     49.713      115.82]
 [     49.713      117.24]
 [       48.3      118.65]
 [       48.3      120.06]
 [     46.888      121.47]
 [     46.888      122.89]
 [     44.062      125.71]
 [     44.062      127.12]
 [     39.825      131.36]
 [     39.825      132.77]
 [     38.413      134.19]
 [     38.413       135.6]
 [     35.588      138.43]
 [     35.588      139.84]
 [     32.763      142.66]
 [     32.763      145.49]
 [     29.938      148.31]
 [     29.938      149.73]
 [     27.113      152.55]
 [     22.875      152.55]
 [     22.875      175.15]
 [     27.113      175.15]
 [      31.35      170.91]
 [     32.763      170.91]
 [         37      166.68]
 [         37      165.26]
 [     38.413      163.85]
 [     39.825      163.85]
 [     44.062      168.09]
 [     44.062      173.74]
 [     45.475      175.15]
 [     45.475      189.27]
 [     46.888      190.69]
 [     46.888      197.75]
 [       48.3      199.16]
 [       48.3      204.81]
 [     49.713      206.23]
 [     49.713      211.88]
 [     51.125      213.29]
 [     51.125      217.52]
 [     52.538      218.94]
 [     52.538      221.76]
 [      53.95      223.18]
 [      53.95      224.59]
 [     55.362         226]
 [     55.362      227.41]
 [     56.775      228.82]
 [     56.775      230.24]
 [     58.188      231.65]
 [     58.188      234.48]
 [       59.6      235.89]
 [       59.6       237.3]
 [     61.013      238.71]
 [     61.013      241.54]
 [     62.425      242.95]
 [     62.425      245.77]
 [     63.838      247.19]
 [     63.838       248.6]
 [      65.25      250.01]
 [      65.25      251.43]
 [     66.662      252.84]
 [     66.662      254.25]
 [     68.075      255.66]
 [     68.075      257.08]
 [       70.9       259.9]
 [       70.9      261.31]
 [     72.312      262.73]
 [     72.312      264.14]
 [     75.138      266.96]
 [     75.138      268.38]
 [      76.55      269.79]
 [      76.55       271.2]
 [     77.963      272.61]
 [     77.963      274.02]
 [     79.375      275.44]
 [     79.375      276.85]
 [       82.2      279.67]
 [       82.2      281.09]
 [     85.025      283.91]
 [     85.025      285.33]
 [     86.438      286.74]
 [     86.438      289.56]
 [      87.85      290.98]
 [      87.85      292.39]
 [     89.263       293.8]
 [     89.263      295.21]
 [     90.675      296.62]
 [     90.675      298.04]
 [       93.5      300.86]
 [       93.5      302.27]
 [     96.325       305.1]
 [     96.325      306.51]
 [      99.15      309.34]
 [      99.15      310.75]
 [     100.56      310.75]
 [     107.62      317.81]
 [     107.62      323.46]
 [     109.04      323.46]
 [     110.45      324.88]
 [     113.27      324.88]
 [     114.69      326.29]
 [      116.1      326.29]
 [     118.92      329.11]
 [     125.99      329.11]
 [      127.4      330.52]
 [     128.81      330.52]
 [     133.05      334.76]
 [     137.29      334.76]
 [      138.7      336.17]
 [     145.76      336.17]
 [     147.18      337.59]
 [     148.59      337.59]
 [     151.41      340.41]
 [     154.24      340.41]
 [     155.65      341.83]
 [     159.89      341.83]
 [      161.3      343.24]
 [     162.71      343.24]
 [     164.12      344.65]
 [     174.01      344.65]
 [     175.43      343.24]
 [     178.25      343.24]
 [     179.66      341.83]
 [      183.9      341.83]
 [     185.31      340.41]
 [     186.72      340.41]
 [     188.14      341.83]
 [     189.55      341.83]
 [     190.96      343.24]
 [     193.79      343.24]
 [      195.2      344.65]
 [     216.39      344.65]
 [      217.8      343.24]
 [     222.04      343.24]
 [     223.45      341.83]
 [     227.69      341.83]
 [      229.1      340.41]
 [     233.34      340.41]
 [     234.75         339]
 [     237.57         339]
 [     238.99      337.59]
 [     243.22      337.59]
 [     244.64      336.17]
 [      251.7      336.17]
 [     253.11      334.76]
 [     255.94      334.76]
 [     258.76      331.94]
 [     260.17      331.94]
 [     261.59      330.52]
 [     265.82      330.52]
 [     267.24      329.11]
 [     270.06      329.11]
 [      274.3      324.88]
 [     277.12      324.88]
 [     278.54      323.46]
 [     279.95      323.46]
 [     279.95      322.05]
 [     284.19      317.81]
 [      285.6      317.81]
 [     287.01       316.4]
 [     287.01      314.99]
 [     291.25      310.75]
 [     291.25      309.34]
 [     294.07      306.51]
 [     303.96      306.51]
 [     305.38       305.1]
 [     306.79       305.1]
 [      308.2      303.69]
 [     309.61      303.69]
 [     311.02      302.27]
 [     315.26      302.27]
 [     316.67      300.86]
 [     315.26      299.45]
 [     313.85      299.45]
 [     312.44      298.04]
 [     312.44      292.39]
 [     313.85      290.98]
 [     313.85      289.56]
 [     316.67      286.74]
 [     316.67      285.33]
 [     318.09      283.91]
 [     318.09       282.5]
 [     320.91      279.67]
 [     320.91      278.26]
 [     323.74      275.44]
 [     323.74      274.02]
 [     325.15      272.61]
 [     325.15       271.2]
 [     326.56      269.79]
 [     326.56      268.38]
 [     327.98      266.96]
 [     327.98      265.55]
 [     329.39      264.14]
 [     329.39      262.73]
 [      330.8      261.31]
 [      330.8       259.9]
 [     332.21      258.49]
 [     332.21      257.08]
 [     335.04      254.25]
 [     335.04      251.43]
 [     336.45      250.01]
 [     336.45      238.71]
 [     337.86       237.3]
 [     337.86      227.41]
 [     339.27         226]
 [     339.27      211.88]
 [     340.69      210.46]
 [     340.69      197.75]
 [      342.1      196.34]
 [      342.1      187.86]
 [     343.51      186.45]
 [     343.51      177.98]
 [     344.92      176.56]
 [     346.34      176.56]
 [     347.75      175.15]
 [     349.16      175.15]
 [      353.4      179.39]
 [      353.4       180.8]
 [     356.23      183.62]
 [     356.23      185.04]
 [     359.05      187.86]
 [     359.05      189.27]
 [     363.29      193.51]
 [      364.7      193.51]
 [     366.11      194.93]
 [     367.53      194.93]
 [     367.53      176.56]
 [     366.11      175.15]
 [     366.11      170.91]
 [      364.7       169.5]
 [      364.7      165.26]
 [     363.29      163.85]
 [     363.29      161.02]
 [     361.88      159.61]
 [     361.88      156.79]
 [     360.46      155.38]
 [     360.46      152.55]
 [     359.05      151.14]
 [     359.05      148.31]
 [     357.64       146.9]
 [     357.64      145.49]
 [     356.23      144.07]
 [     356.23      142.66]
 [     354.81      141.25]
 [     354.81      139.84]
 [      353.4      138.43]
 [      353.4      137.01]
 [     356.23      134.19]
 [     357.64      134.19]
 [     359.05      132.77]
 [     377.41      132.77]
 [     377.41      131.36]
 [     370.35      131.36]
 [     368.94      129.95]
 [     367.53      129.95]
 [     366.11      128.54]
 [      364.7      128.54]
 [     361.88      125.71]
 [     360.46      125.71]
 [     359.05       124.3]
 [     357.64       124.3]
 [     354.81      121.47]
 [      353.4      121.47]
 [     350.57      118.65]
 [     349.16      118.65]
 [     347.75      117.24]
 [     346.34      117.24]
 [     325.15       96.05]
 [     325.15      94.637]
 [     316.67      86.162]
 [     316.67       84.75]
 [     298.31      66.387]
 [      296.9      66.387]
 [     294.07      63.562]
 [     292.66      63.562]
 [     289.84      60.737]
 [     288.42      60.737]
 [      285.6      57.912]
 [     284.19      57.912]
 [     282.77        56.5]
 [     281.36        56.5]
 [     278.54      53.675]
 [     277.12      53.675]
 [     275.71      52.263]
 [     272.89      52.263]
 [     270.06      49.438]
 [     268.65      49.438]
 [     267.24      48.025]
 [     265.82      48.025]
 [     264.41      46.612]
 [     261.59      46.612]
 [     260.17        45.2]
 [     257.35        45.2]
 [     255.94      43.787]
 [     254.52      43.787]
 [     253.11      42.375]
 [     250.29      42.375]
 [     248.88      40.963]
 [     246.05      40.963]
 [     244.64       39.55]
 [     241.81       39.55]
 [      240.4      38.138]
 [     238.99      38.138]
 [     236.16      35.312]
 [     236.16      31.075]]
