Image_Name: eeb2b80f8842306952602f873f100579
Class: Leg
Inner Main Points: [(219.1057564915361, 748.0239466138527), (217.98142028712277, 773.2317234169712), (230.9595755987889, 717.5913940050247), (216.62524060496844, 733.5052037311794), (213.73338588547398, 722.4221138376761)]
Mask Points:
[[     192.38      703.42]
 [     192.38      785.35]
 [     196.61      785.35]
 [     198.02      786.76]
 [     198.02      789.59]
 [     199.44         791]
 [     199.44      793.83]
 [     200.85      795.24]
 [     200.85      798.06]
 [     202.26      799.47]
 [     202.26      800.89]
 [     205.09      803.71]
 [      206.5      803.71]
 [     207.91      805.12]
 [     213.56      805.12]
 [     214.97      806.54]
 [      240.4      806.54]
 [     241.81      805.12]
 [     246.05      805.12]
 [     247.46      803.71]
 [      251.7      803.71]
 [     254.52      800.89]
 [     254.52      798.06]
 [     255.94      796.65]
 [     255.94      786.76]
 [     257.35      785.35]
 [     257.35      772.64]
 [     258.76      771.22]
 [     258.76      742.97]
 [     260.17      741.56]
 [     264.41      741.56]
 [     264.41      703.42]]
