Image_Name: 1724161737154
Class: Pants
Inner Main Points: [(224.7181232714516, 619.2016870892854), (238.4142828459104, 594.092857754949), (243.48658946149368, 586.7544677225604), (155.17892049103966, 625.2921837375801), (198.18461715463172, 580.782932569512)]
Mask Points:
[[     124.83       568.6]
 [     124.83       682.6]
 [     159.17       682.6]
 [     159.17      678.48]
 [     160.54       677.1]
 [     166.04       677.1]
 [     167.41      675.73]
 [      240.2      675.73]
 [     241.58      674.36]
 [     242.95      674.36]
 [     244.32      672.98]
 [     249.82      672.98]
 [     249.82       568.6]]
