Image_Name: 556f4347bf7072d8eaaf32fd2dd2d82f
Class: Upper_clothes
Inner Main Points: [(1540.6446802782716, 620.6412838219505), (1564.219063556122, 584.9297861643947), (1722.9516946702875, 710.6954627642773), (1746.5300515212639, 720.4887080144978), (1748.7695761774366, 530.3863074956114)]
Mask Points:
[[       1593         510]
 [       1593         525]
 [       1596         528]
 [       1596         531]
 [       1590         537]
 [       1587         537]
 [       1584         540]
 [       1581         540]
 [       1572         549]
 [       1569         549]
 [       1560         558]
 [       1557         558]
 [       1557         564]
 [       1551         570]
 [       1545         564]
 [       1545         561]
 [       1542         561]
 [       1536         555]
 [       1533         555]
 [       1530         552]
 [       1527         552]
 [       1527         558]
 [       1524         561]
 [       1524         564]
 [       1521         567]
 [       1521         570]
 [       1518         573]
 [       1515         573]
 [       1500         588]
 [       1500         591]
 [       1491         600]
 [       1482         600]
 [       1482         711]
 [       1491         711]
 [       1494         714]
 [       1524         714]
 [       1524         711]
 [       1521         708]
 [       1521         705]
 [       1518         702]
 [       1518         696]
 [       1521         693]
 [       1521         684]
 [       1524         681]
 [       1524         678]
 [       1530         672]
 [       1539         672]
 [       1542         675]
 [       1545         675]
 [       1554         684]
 [       1554         723]
 [       1548         729]
 [       1539         729]
 [       1527         741]
 [       1527         744]
 [       1524         747]
 [       1524         753]
 [       1527         756]
 [       1527         759]
 [       1530         762]
 [       1533         762]
 [       1536         765]
 [       1542         765]
 [       1548         771]
 [       1551         771]
 [       1554         774]
 [       1560         774]
 [       1563         777]
 [       1569         777]
 [       1572         780]
 [       1578         780]
 [       1584         786]
 [       1584         795]
 [       1683         795]
 [       1683         786]
 [       1686         783]
 [       1689         783]
 [       1692         780]
 [       1710         780]
 [       1713         777]
 [       1716         777]
 [       1722         771]
 [       1734         771]
 [       1737         768]
 [       1740         768]
 [       1743         765]
 [       1743         762]
 [       1746         759]
 [       1749         759]
 [       1752         756]
 [       1755         756]
 [       1764         747]
 [       1764         741]
 [       1767         738]
 [       1767         723]
 [       1764         720]
 [       1764         705]
 [       1761         702]
 [       1761         693]
 [       1758         690]
 [       1758         678]
 [       1755         675]
 [       1755         666]
 [       1752         663]
 [       1752         657]
 [       1749         654]
 [       1749         648]
 [       1746         645]
 [       1746         636]
 [       1743         633]
 [       1743         627]
 [       1740         624]
 [       1740         618]
 [       1737         615]
 [       1737         603]
 [       1740         600]
 [       1743         600]
 [       1752         591]
 [       1752         555]
 [       1755         552]
 [       1755         549]
 [       1761         543]
 [       1761         540]
 [       1764         537]
 [       1764         510]]
