Image_Name: 40e91134f556e7089a3019c31d360178
Class: Leg
Inner Main Points: [(126.01496705304747, 762.4512599145638), (125.92626015255576, 770.8180331147332), (140.41686002954725, 783.7257908438569), (152.35815092670404, 738.4664202963829), (143.12413091267808, 736.7929822975245)]
Mask Points:
[[     113.27      703.42]
 [     113.27      798.06]
 [     118.92      798.06]
 [     120.34      799.47]
 [     124.57      799.47]
 [     125.99      800.89]
 [     131.64      800.89]
 [     133.05       802.3]
 [     154.24       802.3]
 [     155.65      800.89]
 [     158.47      800.89]
 [     159.89      799.47]
 [     159.89      798.06]
 [      161.3      796.65]
 [      161.3      795.24]
 [     162.71      793.83]
 [     162.71         791]
 [     164.12      789.59]
 [     164.12      786.76]
 [     165.54      785.35]
 [     165.54       779.7]
 [     166.95      778.29]
 [     166.95      771.22]
 [     168.36      769.81]
 [     168.36      742.97]
 [     169.77      741.56]
 [     169.77      731.67]
 [     171.19      730.26]
 [     171.19      721.79]
 [      172.6      720.38]
 [      172.6      710.49]
 [     174.01      709.08]
 [     174.01      703.42]]
