Image_Name: ae8d1f6b113cf85b6f651396e896c63e
Class: Clothes
Inner Main Points: [(180.02816556866046, 482.2332043058054), (215.23928015803403, 447.13465521352094), (238.15143874546283, 482.88022615765647), (223.00591610274094, 444.14085533216377), (177.73836322430742, 452.6220553802141)]
Mask Points:
[[     117.13      337.66]
 [     117.13      341.92]
 [     115.71      343.34]
 [     111.46      343.34]
 [     110.04      344.76]
 [     104.36      344.76]
 [     102.94      346.18]
 [     98.688      346.18]
 [     97.269      347.59]
 [     93.013      347.59]
 [     91.594      349.01]
 [     90.175      349.01]
 [     88.756      350.43]
 [     85.919      350.43]
 [       84.5      351.85]
 [     81.663      351.85]
 [     80.244      353.27]
 [     77.406      353.27]
 [     75.988      354.69]
 [      73.15      354.69]
 [     71.731      356.11]
 [     70.312      356.11]
 [     67.475      358.94]
 [     66.056      358.94]
 [     64.638      360.36]
 [     58.963      360.36]
 [     58.963      520.68]
 [     63.219      520.68]
 [     64.638       522.1]
 [     64.638      576.01]
 [     66.056      577.43]
 [     66.056       590.2]
 [     67.475      591.62]
 [     67.475      598.71]
 [      73.15      604.39]
 [      73.15      608.64]
 [     110.04      608.64]
 [     110.04      604.39]
 [     111.46      602.97]
 [     118.55      602.97]
 [     119.97      601.55]
 [     131.32      601.55]
 [     132.74      600.13]
 [     135.58      600.13]
 [     136.99      598.71]
 [     142.67      598.71]
 [     144.09      597.29]
 [     148.34      597.29]
 [     149.76      595.88]
 [     173.88      595.88]
 [      175.3      594.46]
 [     190.91      594.46]
 [     192.33      595.88]
 [     251.91      595.88]
 [     253.33      594.46]
 [     271.78      594.46]
 [     273.19      595.88]
 [     281.71      595.88]
 [     283.13      597.29]
 [     287.38      597.29]
 [      288.8      598.71]
 [     335.62      598.71]
 [     337.04      597.29]
 [     338.46      597.29]
 [     341.29      594.46]
 [     341.29      588.78]
 [     342.71      587.36]
 [     341.29      585.94]
 [     341.29      530.61]
 [     339.88      529.19]
 [     339.88      503.66]
 [     338.46      502.24]
 [     338.46      435.56]
 [     337.04      434.14]
 [     337.04      432.72]
 [     338.46       431.3]
 [     338.46      417.11]
 [     339.88      415.69]
 [     339.88       408.6]
 [     341.29      407.18]
 [     341.29      402.93]
 [     342.71      401.51]
 [     342.71      397.25]
 [     344.13      395.83]
 [     344.13      390.16]
 [     345.55      388.74]
 [     345.55      377.39]
 [     346.97      375.97]
 [     346.97      373.13]
 [     348.39      371.71]
 [     352.64      371.71]
 [     352.64       363.2]
 [     348.39       363.2]
 [     345.55      360.36]
 [     345.55      358.94]
 [     344.13      357.53]
 [     344.13      356.11]
 [     339.88      351.85]
 [     339.88      350.43]
 [     335.62      346.18]
 [     335.62      344.76]
 [     332.78      341.92]
 [     332.78      337.66]]
