Image_Name: ae8d1f6b113cf85b6f651396e896c63e
Class: Face
Inner Main Points: [(203.83787436831284, 244.36886992602294), (214.34769746046277, 237.97170221446757), (227.0151679028059, 231.69785097737014), (220.64756977780502, 239.95276000837018), (189.55576367655087, 242.3735966288625)]
Mask Points:
[[     222.12      93.638]
 [     222.12      97.894]
 [     217.86      102.15]
 [     216.44      102.15]
 [     215.03      103.57]
 [     213.61      103.57]
 [     203.68       113.5]
 [     202.26       113.5]
 [     199.42      116.34]
 [        198      116.34]
 [     196.58      117.76]
 [     195.16      117.76]
 [     193.74      119.18]
 [     192.33      119.18]
 [     188.07      123.43]
 [     186.65      123.43]
 [     176.72      133.36]
 [      175.3      133.36]
 [     169.62      139.04]
 [     168.21      139.04]
 [     166.79      140.46]
 [     155.44      140.46]
 [     154.02      141.88]
 [      152.6      140.46]
 [     148.34      140.46]
 [     146.93      141.88]
 [     144.09      141.88]
 [     142.67      143.29]
 [     141.25      143.29]
 [     139.83      144.71]
 [     136.99      144.71]
 [     135.58      146.13]
 [      129.9      146.13]
 [     128.48      147.55]
 [     121.39      147.55]
 [     119.97      148.97]
 [     118.55      148.97]
 [     117.13      150.39]
 [     115.71      150.39]
 [     114.29      151.81]
 [     112.88      151.81]
 [     111.46      153.23]
 [     110.04      153.23]
 [     108.62      154.64]
 [     97.269      154.64]
 [      95.85      156.06]
 [     94.431      156.06]
 [     93.013      157.48]
 [     91.594      157.48]
 [     85.919      163.16]
 [     85.919      165.99]
 [       84.5      167.41]
 [       84.5      177.34]
 [     83.081      178.76]
 [     83.081      180.18]
 [     81.663       181.6]
 [     81.663      184.44]
 [     80.244      185.86]
 [     80.244      191.53]
 [     78.825      192.95]
 [     78.825      195.79]
 [     77.406      197.21]
 [     77.406      201.46]
 [     75.988      202.88]
 [     75.988       204.3]
 [     74.569      205.72]
 [     74.569      207.14]
 [     70.312      211.39]
 [     70.312      212.81]
 [     68.894      214.23]
 [     68.894      217.07]
 [     66.056      219.91]
 [     66.056      221.33]
 [     64.638      222.74]
 [     64.638      224.16]
 [     63.219      225.58]
 [     63.219      231.26]
 [     64.638      232.68]
 [     64.638      234.09]
 [     68.894      238.35]
 [     70.312      238.35]
 [     71.731      239.77]
 [      73.15      239.77]
 [     74.569      241.19]
 [     74.569      244.03]
 [     75.988      245.44]
 [     75.988      246.86]
 [     74.569      248.28]
 [     74.569       249.7]
 [      73.15      251.12]
 [      73.15      263.89]
 [     71.731      265.31]
 [     71.731      266.73]
 [     70.312      268.14]
 [     70.312      279.49]
 [     71.731      280.91]
 [     71.731      282.33]
 [      73.15      283.75]
 [      73.15      285.17]
 [     74.569      286.59]
 [     74.569      288.01]
 [     77.406      290.84]
 [     77.406      292.26]
 [     78.825      293.68]
 [     80.244      293.68]
 [     83.081      296.52]
 [       84.5      296.52]
 [     91.594      303.61]
 [     93.013      303.61]
 [     101.53      312.12]
 [     102.94      312.12]
 [     108.62       317.8]
 [     110.04       317.8]
 [     117.13      324.89]
 [     117.13      327.73]
 [     118.55      329.15]
 [     118.55      331.99]
 [     115.71      334.83]
 [     114.29      334.83]
 [     112.88      336.24]
 [     112.88      337.66]
 [     114.29      339.08]
 [     114.29      341.92]
 [     118.55      346.18]
 [     119.97      346.18]
 [     121.39      347.59]
 [     122.81      347.59]
 [     124.23      349.01]
 [     127.06      349.01]
 [     128.48      350.43]
 [     145.51      350.43]
 [     146.93      349.01]
 [      152.6      349.01]
 [     154.02      347.59]
 [     159.69      347.59]
 [     161.11      346.18]
 [     162.53      347.59]
 [     173.88      347.59]
 [      175.3      349.01]
 [     180.98      349.01]
 [     182.39      350.43]
 [     188.07      350.43]
 [     189.49      351.85]
 [     195.16      351.85]
 [     196.58      353.27]
 [     202.26      353.27]
 [     203.68      354.69]
 [     207.93      354.69]
 [     209.35      356.11]
 [     212.19      356.11]
 [     213.61      357.53]
 [     216.44      357.53]
 [     217.86      358.94]
 [      220.7      358.94]
 [     222.12      360.36]
 [     229.21      360.36]
 [     230.63      358.94]
 [     232.05      358.94]
 [     233.47      357.53]
 [     236.31      357.53]
 [     237.73      356.11]
 [     257.59      356.11]
 [     260.43      358.94]
 [     261.84      358.94]
 [     263.26      360.36]
 [     268.94      360.36]
 [     273.19      356.11]
 [     273.19      354.69]
 [     274.61      353.27]
 [     274.61      341.92]
 [     276.03       340.5]
 [     276.03      337.66]
 [     277.45      336.24]
 [     277.45      334.83]
 [     276.03      333.41]
 [     276.03      331.99]
 [     278.87      329.15]
 [     278.87      327.73]
 [     281.71      324.89]
 [     283.13      324.89]
 [     283.13      323.48]
 [     291.64      314.96]
 [     293.06      314.96]
 [     294.48      313.54]
 [     295.89      313.54]
 [     297.31      312.12]
 [     298.73      312.12]
 [     300.15      310.71]
 [     302.99      310.71]
 [     304.41      309.29]
 [     310.08      309.29]
 [      311.5      307.87]
 [     312.92      307.87]
 [     314.34      306.45]
 [     315.76      306.45]
 [     321.43      300.78]
 [     321.43      299.36]
 [     324.27      296.52]
 [     324.27      292.26]
 [     325.69      290.84]
 [     325.69      289.43]
 [     327.11      288.01]
 [     327.11      286.59]
 [     331.36      282.33]
 [     331.36      280.91]
 [      334.2      278.08]
 [      334.2      276.66]
 [     335.62      275.24]
 [     335.62      273.82]
 [     337.04       272.4]
 [     337.04      270.98]
 [     338.46      269.56]
 [     338.46      268.14]
 [     339.88      266.73]
 [     339.88      263.89]
 [     341.29      262.47]
 [     341.29      261.05]
 [     344.13      258.21]
 [     344.13      255.38]
 [     345.55      253.96]
 [     345.55      248.28]
 [     344.13      246.86]
 [     344.13      245.44]
 [     341.29      242.61]
 [     339.88      242.61]
 [     338.46      241.19]
 [     337.04      241.19]
 [      334.2      238.35]
 [      334.2      236.93]
 [     332.78      235.51]
 [     332.78      234.09]
 [     331.36      232.68]
 [     331.36      231.26]
 [     329.94      229.84]
 [     331.36      228.42]
 [     331.36         227]
 [     332.78      225.58]
 [     332.78      224.16]
 [      334.2      222.74]
 [      334.2      219.91]
 [     335.62      218.49]
 [     335.62      212.81]
 [      334.2      211.39]
 [      334.2      207.14]
 [     332.78      205.72]
 [     332.78       204.3]
 [     328.53      200.04]
 [     328.53      198.63]
 [     324.27      194.37]
 [     324.27      192.95]
 [     321.43      190.11]
 [     321.43      188.69]
 [     320.01      187.28]
 [     320.01      185.86]
 [     318.59      184.44]
 [     318.59       181.6]
 [     317.18      180.18]
 [     317.18      177.34]
 [     315.76      175.93]
 [     315.76      174.51]
 [     308.66      167.41]
 [     307.24      167.41]
 [     300.15      160.32]
 [     300.15      153.23]
 [     298.73      151.81]
 [     298.73      150.39]
 [     297.31      148.97]
 [     297.31      147.55]
 [     295.89      146.13]
 [     295.89      144.71]
 [     294.48      143.29]
 [     294.48      141.88]
 [     291.64      139.04]
 [     291.64      137.62]
 [      288.8      134.78]
 [      288.8      133.36]
 [     281.71      126.27]
 [     280.29      126.27]
 [     278.87      124.85]
 [     277.45      124.85]
 [     264.68      112.08]
 [     263.26      112.08]
 [     261.84      110.66]
 [     260.43      110.66]
 [     259.01      109.24]
 [     257.59      109.24]
 [     256.17      107.83]
 [     254.75      107.83]
 [     253.33      106.41]
 [     251.91      106.41]
 [     250.49      104.99]
 [     249.08      104.99]
 [     244.82      100.73]
 [      243.4      100.73]
 [     241.98      99.313]
 [     241.98      93.638]]
