Image_Name: ae8d1f6b113cf85b6f651396e896c63e
Class: Hand
Inner Main Points: [(323, 629)]
Mask Points:
[[     291.64      593.04]
 [     291.64      651.21]
 [     297.31      651.21]
 [     300.15      654.04]
 [     301.57      654.04]
 [     302.99      655.46]
 [     307.24      655.46]
 [     308.66      656.88]
 [     314.34      656.88]
 [     315.76       658.3]
 [     321.43       658.3]
 [     322.85      659.72]
 [     329.94      659.72]
 [     331.36      661.14]
 [     331.36      665.39]
 [     355.48      665.39]
 [     355.48      661.14]
 [     359.74      656.88]
 [     359.74      654.04]
 [     361.16      652.62]
 [     361.16      649.79]
 [     362.58      648.37]
 [     362.58      632.76]
 [     361.16      631.34]
 [     361.16      617.16]
 [     359.74      615.74]
 [     359.74      611.48]
 [     358.32      610.06]
 [     358.32      608.64]
 [      356.9      607.23]
 [      356.9      605.81]
 [     355.48      604.39]
 [     355.48      602.97]
 [     349.81      597.29]
 [     349.81      593.04]]
