Image_Name: ae8d1f6b113cf85b6f651396e896c63e
Class: Hand
Inner Main Points: [(72, 623)]
Mask Points:
[[     63.219      593.04]
 [     63.219      597.29]
 [     57.544      602.97]
 [     56.125      602.97]
 [     54.706      604.39]
 [     53.288      604.39]
 [     51.869      605.81]
 [     49.031      605.81]
 [     47.613      607.23]
 [     44.775      607.23]
 [     41.938      610.06]
 [     36.263      610.06]
 [     36.263      654.04]
 [     41.938      654.04]
 [     44.775      656.88]
 [     47.613      656.88]
 [     49.031       658.3]
 [     68.894       658.3]
 [     70.312      656.88]
 [     80.244      656.88]
 [     81.663      655.46]
 [     91.594      655.46]
 [     93.013      654.04]
 [     98.688      654.04]
 [     100.11      652.62]
 [     102.94      652.62]
 [     104.36      651.21]
 [     105.78      651.21]
 [      107.2      649.79]
 [     108.62      649.79]
 [     111.46      646.95]
 [     111.46      645.53]
 [     112.88      644.11]
 [     112.88      622.83]
 [     111.46      621.41]
 [     111.46      614.32]
 [     110.04       612.9]
 [     110.04      601.55]
 [     108.62      600.13]
 [     108.62      593.04]]
