Image_Name: ae8d1f6b113cf85b6f651396e896c63e
Class: Pants
Inner Main Points: [(201, 634)]
Mask Points:
[[     115.71      570.34]
 [     115.71      699.44]
 [     202.26      699.44]
 [     202.26      695.19]
 [     203.68      693.77]
 [     234.89      693.77]
 [     236.31      692.35]
 [     284.54      692.35]
 [     290.22      686.68]
 [     295.89      686.68]
 [     295.89      644.11]
 [     291.64      644.11]
 [     290.22      642.69]
 [     290.22      611.48]
 [      288.8      610.06]
 [      288.8      585.94]
 [     287.38      584.53]
 [     287.38      570.34]]
