Image_Name: ae8d1f6b113cf85b6f651396e896c63e
Class: Shoe
Inner Main Points: [(271, 852)]
Mask Points:
[[     217.86      814.36]
 [     217.86      890.98]
 [     223.54      890.98]
 [     226.38      893.81]
 [     226.38      898.07]
 [     234.89      898.07]
 [     234.89      893.81]
 [     236.31      892.39]
 [     247.66      892.39]
 [     249.08      890.98]
 [     254.75      890.98]
 [     256.17      892.39]
 [     305.83      892.39]
 [     307.24      890.98]
 [     318.59      890.98]
 [     321.43      888.14]
 [     322.85      888.14]
 [     322.85      886.72]
 [     324.27       885.3]
 [     324.27      883.88]
 [     325.69      882.46]
 [     329.94      882.46]
 [     329.94      879.63]
 [     325.69      879.63]
 [     324.27      878.21]
 [     324.27      855.51]
 [     322.85      854.09]
 [     322.85      828.55]
 [     321.43      827.13]
 [     321.43      824.29]
 [     320.01      822.88]
 [     320.01      821.46]
 [     318.59      820.04]
 [     318.59      814.36]]
