Image_Name: ae8d1f6b113cf85b6f651396e896c63e
Class: Shoe
Inner Main Points: [(137, 837)]
Mask Points:
[[     81.663      791.66]
 [     81.663      883.88]
 [     87.338      883.88]
 [     91.594      888.14]
 [     91.594      892.39]
 [     117.13      892.39]
 [     117.13      888.14]
 [     118.55      886.72]
 [     135.58      886.72]
 [     136.99       885.3]
 [     154.02       885.3]
 [     155.44      883.88]
 [     159.69      883.88]
 [     161.11      882.46]
 [     168.21      882.46]
 [     169.62      881.04]
 [     186.65      881.04]
 [     188.07      879.63]
 [     189.49      879.63]
 [     193.74      875.37]
 [     193.74      872.53]
 [     195.16      871.11]
 [     195.16       862.6]
 [     196.58      861.18]
 [     196.58      851.25]
 [        198      849.83]
 [        198      827.13]
 [     196.58      825.71]
 [     196.58      814.36]
 [     195.16      812.94]
 [     195.16      798.76]
 [     193.74      797.34]
 [     193.74      791.66]
 [     188.07      791.66]
 [     188.07      795.92]
 [     185.23      798.76]
 [     165.37      798.76]
 [     163.95      800.18]
 [     162.53      800.18]
 [     161.11      801.59]
 [     159.69      801.59]
 [     158.28      803.01]
 [     158.28      804.43]
 [     156.86      805.85]
 [     156.86      807.27]
 [     155.44      808.69]
 [     154.02      808.69]
 [      152.6      807.27]
 [      152.6      804.43]
 [     144.09      795.92]
 [     144.09      791.66]]
