Image_Name: 65488d38704860c155c3f8080552c939
Class: Eye
Inner Main Points: [(113.67709884716227, 317.6091840277011), (108.2993921907154, 308.8354799958942), (108.92630585958909, 310.63998359538647), (113.64672118494855, 296.6336883274645), (109.3140639143257, 301.52796214711515)]
Mask Points:
[[     98.605      268.25]
 [     98.605      272.57]
 [      95.72      275.46]
 [      95.72       276.9]
 [     92.836      279.78]
 [     88.509      279.78]
 [     88.509      315.84]
 [     92.836      315.84]
 [     100.05      323.05]
 [     101.49      323.05]
 [     104.37      325.93]
 [     104.37      330.26]
 [     121.68      330.26]
 [     121.68      325.93]
 [     123.12      324.49]
 [     124.56      324.49]
 [     126.01      323.05]
 [     127.45      323.05]
 [     128.89      321.61]
 [     130.33      321.61]
 [     134.66      317.28]
 [     134.66      315.84]
 [      136.1       314.4]
 [      136.1      311.51]
 [     137.54      310.07]
 [     137.54      295.65]
 [      136.1      294.21]
 [      136.1      291.32]
 [     134.66      289.88]
 [     134.66         287]
 [     133.22      285.55]
 [     133.22      284.11]
 [     121.68      272.57]
 [     121.68      268.25]]
