Image_Name: 65488d38704860c155c3f8080552c939
Class: Eye
Inner Main Points: [(260.60937603273413, 282.4816369423075), (241.04939947519017, 303.40155116004905), (246.77154549083338, 293.6755858486334), (234.25387760195295, 303.0832103577589), (234.33072672965662, 299.45068914558146)]
Mask Points:
[[     221.19      262.48]
 [     221.19      312.95]
 [     226.96      312.95]
 [      228.4       314.4]
 [     229.84       314.4]
 [     231.29      315.84]
 [     232.73      315.84]
 [     234.17      317.28]
 [     251.48      317.28]
 [     252.92      315.84]
 [      255.8      315.84]
 [     257.25       314.4]
 [     260.13       314.4]
 [     261.57      312.95]
 [     263.01      312.95]
 [      265.9      310.07]
 [     267.34      310.07]
 [     271.67      305.74]
 [     271.67       304.3]
 [     274.55      301.42]
 [     274.55      299.97]
 [     275.99      298.53]
 [     275.99      294.21]
 [     277.44      292.76]
 [     277.44      288.44]
 [     275.99         287]
 [     275.99      284.11]
 [     274.55      282.67]
 [     274.55      281.23]
 [     273.11      279.78]
 [     273.11      278.34]
 [     270.22      275.46]
 [     270.22      274.02]
 [     263.01       266.8]
 [     263.01      262.48]]
