Image_Name: 65488d38704860c155c3f8080552c939
Class: Foot
Inner Main Points: [(148.59032814638917, 891.5080531421561), (147.77202804227116, 878.1038693490123), (158.68214819403818, 878.0860898097811), (131.80121872492168, 894.0171431131512), (165.6408803279989, 890.6950919121318)]
Mask Points:
[[     159.18      856.66]
 [     159.18      860.99]
 [     157.73      862.43]
 [     153.41      862.43]
 [     151.97      863.87]
 [     140.43      863.87]
 [     137.54      866.75]
 [     137.54       868.2]
 [     133.22      872.52]
 [     133.22      873.97]
 [     130.33      876.85]
 [     128.89      876.85]
 [      118.8      886.95]
 [     117.35      886.95]
 [     115.91      888.39]
 [     111.58      888.39]
 [     111.58      910.02]
 [     121.68      910.02]
 [     123.12      911.46]
 [     159.18      911.46]
 [     160.62      910.02]
 [     164.95      910.02]
 [     166.39      908.58]
 [     169.27      908.58]
 [     170.71      907.14]
 [      173.6      907.14]
 [     176.48      904.25]
 [     176.48      902.81]
 [     177.92      901.37]
 [     177.92      898.48]
 [     179.37      897.04]
 [     179.37      891.27]
 [     177.92      889.83]
 [     177.92      882.62]
 [     176.48      881.18]
 [     176.48      873.97]
 [     175.04      872.52]
 [     175.04      856.66]]
