Image_Name: 65488d38704860c155c3f8080552c939
Class: Hand
Inner Main Points: [(40.12251308587719, 656.0206524640736), (34.50762119462552, 652.8503593791143), (40.532556107516996, 662.6632460652402), (38.21452698701375, 664.0756230867612), (36.77846771558432, 655.0136517101935)]
Mask Points:
[[     13.516      631.68]
 [     13.516      680.71]
 [     19.284      680.71]
 [     20.727      679.27]
 [     25.053      679.27]
 [     26.495      677.83]
 [      29.38      677.83]
 [     30.822      679.27]
 [     30.822      682.15]
 [     32.264       683.6]
 [     32.264      685.04]
 [     33.706      686.48]
 [     33.706      693.69]
 [     42.359      693.69]
 [     42.359      687.92]
 [     46.686       683.6]
 [     46.686      680.71]
 [     48.128      679.27]
 [     48.128      676.39]
 [      49.57      674.94]
 [      49.57      672.06]
 [     51.012      670.62]
 [     51.012      664.85]
 [     52.455      663.41]
 [     53.897      663.41]
 [     55.339      664.85]
 [     55.339      666.29]
 [     56.781      667.73]
 [     56.781      669.17]
 [     61.108       673.5]
 [      62.55       673.5]
 [     63.992      674.94]
 [     65.434      674.94]
 [     66.877       673.5]
 [     68.319       673.5]
 [     71.203      670.62]
 [     71.203      667.73]
 [     69.761      666.29]
 [     69.761      654.75]
 [     68.319      653.31]
 [     68.319      650.43]
 [     65.434      647.54]
 [      62.55      647.54]
 [     61.108       646.1]
 [     58.223       646.1]
 [     56.781      644.66]
 [     55.339      644.66]
 [     53.897      643.22]
 [     52.455      643.22]
 [     51.012      641.77]
 [     48.128      641.77]
 [     46.686      640.33]
 [     45.244      640.33]
 [     43.802      638.89]
 [     42.359      638.89]
 [     40.917      637.45]
 [     40.917      631.68]]
