Image_Name: 65488d38704860c155c3f8080552c939
Class: Shoe
Inner Main Points: [(143.49490977626223, 877.3967469396191), (141.40248259876563, 900.122614736792), (164.7585339883278, 894.6877511776034), (159.91052097698218, 880.8585826434664), (158.20966781689543, 879.4576045168541)]
Mask Points:
[[     137.54      862.43]
 [     137.54       868.2]
 [     120.24       885.5]
 [      118.8       885.5]
 [     117.35      886.95]
 [     111.58      886.95]
 [     111.58      910.02]
 [     120.24      910.02]
 [     121.68      911.46]
 [     130.33      911.46]
 [     131.77       912.9]
 [     143.31       912.9]
 [     144.75      911.46]
 [     160.62      911.46]
 [     162.06      910.02]
 [     166.39      910.02]
 [     167.83      908.58]
 [     172.16      908.58]
 [      173.6      907.14]
 [     175.04      907.14]
 [     176.48      905.69]
 [     176.48      904.25]
 [     179.37      901.37]
 [     179.37      898.48]
 [     180.81      897.04]
 [     185.14      897.04]
 [     185.14       895.6]
 [     180.81       895.6]
 [     179.37      894.16]
 [     179.37      891.27]
 [     177.92      889.83]
 [     177.92      884.06]
 [     176.48      882.62]
 [     176.48      875.41]
 [     175.04      873.97]
 [     175.04      862.43]]
