Image_Name: 4431ae5e0c2d2c05f12529bf0a285097
Class: Eye
Inner Main Points: [(148.28014524895718, 238.7992832034281), (147.98317575547, 240.0551176425883), (148.42260034441304, 242.16682443860128), (148.81589289728922, 245.0918070375859), (147.76702243030445, 237.7855701002387)]
Mask Points:
[[     132.74      212.81]
 [     132.74      266.73]
 [     138.41      266.73]
 [     139.83      268.14]
 [     139.83      273.82]
 [     155.44      273.82]
 [     155.44      268.14]
 [     161.11      262.47]
 [     161.11      261.05]
 [     162.53      259.63]
 [     162.53      255.38]
 [     163.95      253.96]
 [     163.95      234.09]
 [     162.53      232.68]
 [     162.53         227]
 [     163.95      225.58]
 [     163.95      224.16]
 [     162.53      222.74]
 [     162.53      221.33]
 [     161.11      219.91]
 [     161.11      218.49]
 [     159.69      217.07]
 [     159.69      212.81]]
