Image_Name: 4431ae5e0c2d2c05f12529bf0a285097
Class: Leg
Inner Main Points: [(158.71505515075012, 719.1075578102805), (159.41372608767526, 725.7416924155424), (171.54617113159603, 711.1229706402254), (160.53019971343448, 772.398282332618), (156.49617559082796, 774.1556898212077)]
Mask Points:
[[     138.41      695.19]
 [     138.41      790.24]
 [     142.67      790.24]
 [     144.09      791.66]
 [     148.34      791.66]
 [     149.76      793.08]
 [     158.28      793.08]
 [     159.69       794.5]
 [     172.46       794.5]
 [     173.88      793.08]
 [     182.39      793.08]
 [     183.81      791.66]
 [     186.65      791.66]
 [     188.07      790.24]
 [     188.07      787.41]
 [     189.49      785.99]
 [     189.49      778.89]
 [     190.91      777.48]
 [     190.91      768.96]
 [     192.33      767.54]
 [     192.33       749.1]
 [     193.74      747.68]
 [     193.74      732.08]
 [     195.16      730.66]
 [     199.42      730.66]
 [     199.42      695.19]]
