Image_Name: 4431ae5e0c2d2c05f12529bf0a285097
Class: Leg
Inner Main Points: [(262.04956530180476, 710.2268815578003), (259.5447553734519, 733.0738346656382), (240.30399112122848, 772.0578638905686), (248.4267202377347, 715.3505547924127), (263.424958120564, 731.9253024551107)]
Mask Points:
[[     217.86      695.19]
 [     217.86      777.48]
 [     222.12      777.48]
 [     223.54      778.89]
 [     223.54      784.57]
 [     224.96      785.99]
 [     224.96      790.24]
 [     227.79      793.08]
 [     237.73      793.08]
 [     239.14       794.5]
 [     257.59       794.5]
 [     259.01      793.08]
 [     263.26      793.08]
 [     264.68      791.66]
 [     267.52      791.66]
 [     271.78      787.41]
 [     271.78      783.15]
 [     273.19      781.73]
 [     273.19      746.26]
 [     274.61      744.84]
 [     278.87      744.84]
 [     278.87      695.19]]
