Image_Name: 4431ae5e0c2d2c05f12529bf0a285097
Class: Stock
Inner Main Points: [(165.6932164826492, 807.7981040441166), (171.01146252169843, 815.4049593525082), (166.68543533950339, 809.0661837168025), (169.650553914091, 811.0347607724556), (166.79887164801647, 811.6035998845225)]
Mask Points:
[[     138.41      791.66]
 [     138.41      814.36]
 [     145.51      814.36]
 [     146.93      815.78]
 [     148.34      815.78]
 [     149.76       817.2]
 [     151.18       817.2]
 [     158.28      824.29]
 [     158.28      825.71]
 [     159.69      827.13]
 [     159.69      829.97]
 [     161.11      831.39]
 [     161.11      841.32]
 [     176.72      841.32]
 [     176.72      837.06]
 [     179.56      834.23]
 [     179.56      832.81]
 [     182.39      829.97]
 [     182.39      828.55]
 [     183.81      827.13]
 [     183.81      824.29]
 [     185.23      822.88]
 [     185.23      821.46]
 [     186.65      820.04]
 [     186.65      791.66]]
