Image_Name: 4431ae5e0c2d2c05f12529bf0a285097
Class: Stock
Inner Main Points: [(245.00875700500757, 807.094933388594), (247.1068854913514, 807.6618072731314), (244.99898694183213, 807.7509878184794), (244.58791753693004, 806.7023272594804), (246.7656137528858, 807.3594622192311)]
Mask Points:
[[     229.21      791.66]
 [     229.21      832.81]
 [     234.89      832.81]
 [     236.31      834.23]
 [     236.31      835.64]
 [     237.73      837.06]
 [     237.73      841.32]
 [     241.98      841.32]
 [     241.98      831.39]
 [     250.49      822.88]
 [     251.91      822.88]
 [     253.33      821.46]
 [     254.75      821.46]
 [     256.17      820.04]
 [     260.43      820.04]
 [     261.84      818.62]
 [     278.87      818.62]
 [     278.87      805.85]
 [     274.61      805.85]
 [     273.19      804.43]
 [     273.19      797.34]
 [     271.78      795.92]
 [     271.78      791.66]]
