Image_Name: bc05606262c32d47185ca9c6f9c419f5
Class: Ear
Inner Main Points: [(334.3121327942933, 272.49485607927306), (329.8575889097461, 280.0858720689678), (326.1681890056356, 284.88586334547466), (332.63095097797435, 273.6678785442426), (332.1974655435789, 276.27261826842124)]
Mask Points:
[[     333.62      240.12]
 [     333.62      245.77]
 [     332.21      247.19]
 [     332.21      250.01]
 [      330.8      251.43]
 [      330.8      252.84]
 [     329.39      254.25]
 [     329.39      255.66]
 [     327.98      257.08]
 [     327.98       259.9]
 [     326.56      261.31]
 [     326.56      264.14]
 [     325.15      265.55]
 [     325.15      266.96]
 [     322.32      269.79]
 [     322.32       271.2]
 [     320.91      272.61]
 [     320.91      274.02]
 [      319.5      275.44]
 [      319.5      276.85]
 [     316.67      279.67]
 [     316.67      281.09]
 [     306.79      290.98]
 [     305.38      290.98]
 [     303.96      292.39]
 [     303.96       293.8]
 [     302.55      295.21]
 [     302.55      296.62]
 [     299.73      299.45]
 [     294.07      299.45]
 [     294.07      312.16]
 [     313.85      312.16]
 [     313.85      307.92]
 [     318.09      303.69]
 [      319.5      303.69]
 [     320.91      302.27]
 [     322.32      302.27]
 [     326.56      298.04]
 [     327.98      298.04]
 [     336.45      289.56]
 [     336.45      288.15]
 [     340.69      283.91]
 [     340.69       282.5]
 [      342.1      281.09]
 [      342.1      279.67]
 [     343.51      278.26]
 [     343.51      276.85]
 [     344.92      275.44]
 [     344.92      272.61]
 [     346.34       271.2]
 [     346.34      268.38]
 [     347.75      266.96]
 [     347.75      252.84]
 [     346.34      251.43]
 [     346.34      247.19]
 [     344.92      245.77]
 [     344.92      240.12]]
