Image_Name: bc05606262c32d47185ca9c6f9c419f5
Class: Ear
Inner Main Points: [(60.86548949256268, 278.636228007251), (62.11356227583576, 274.68631949641104), (65.27350690384351, 282.39142764541583), (61.98571305257708, 277.82530499570566), (58.707634102942095, 278.17448179843296)]
Mask Points:
[[     45.475      228.82]
 [     45.475      285.33]
 [     51.125      285.33]
 [     52.538      286.74]
 [     52.538      288.15]
 [     55.362      290.98]
 [     55.362      292.39]
 [     62.425      299.45]
 [     63.838      299.45]
 [     66.662      302.27]
 [     68.075      302.27]
 [     69.488      303.69]
 [       70.9      303.69]
 [     72.312       305.1]
 [     73.725       305.1]
 [      76.55      307.92]
 [      76.55      312.16]
 [       93.5      312.16]
 [       93.5      306.51]
 [     92.087       305.1]
 [     92.087      300.86]
 [     89.263      298.04]
 [     89.263      296.62]
 [      87.85      295.21]
 [      87.85      292.39]
 [     86.438      290.98]
 [     86.438      289.56]
 [     85.025      288.15]
 [     85.025      286.74]
 [     83.613      285.33]
 [     83.613      283.91]
 [       82.2       282.5]
 [       82.2      281.09]
 [     80.787      279.67]
 [     80.787      278.26]
 [     79.375      276.85]
 [     79.375      275.44]
 [     77.963      274.02]
 [     77.963      272.61]
 [      76.55       271.2]
 [      76.55      269.79]
 [     73.725      266.96]
 [     73.725      265.55]
 [     72.312      264.14]
 [     72.312      262.73]
 [       70.9      261.31]
 [       70.9       259.9]
 [     69.488      258.49]
 [     69.488      257.08]
 [     66.662      254.25]
 [     66.662      251.43]
 [      65.25      250.01]
 [      65.25       248.6]
 [     62.425      245.77]
 [     62.425      244.36]
 [     61.013      242.95]
 [     61.013      241.54]
 [       59.6      240.12]
 [       59.6      238.71]
 [     58.188       237.3]
 [     58.188      235.89]
 [     56.775      234.48]
 [     56.775      228.82]]
