Image_Name: bc05606262c32d47185ca9c6f9c419f5
Class: Hair
Inner Main Points: [(170.2010504249094, 219.33893244049196), (132.73174393464262, 292.27544360857496), (313.2842301442345, 137.67892228876727), (202.35228349284887, 101.07254663184978), (104.3850185384441, 109.12342744535678)]
Mask Points:
[[     141.52      31.075]
 [     141.52      35.312]
 [      138.7      38.138]
 [     137.29      38.138]
 [     135.88       39.55]
 [     134.46       39.55]
 [     133.05      40.963]
 [     130.22      40.963]
 [     128.81      42.375]
 [      127.4      42.375]
 [     125.99      43.787]
 [     124.57      43.787]
 [     121.75      46.612]
 [     118.92      46.612]
 [     117.51      48.025]
 [      116.1      48.025]
 [     114.69      49.438]
 [     113.27      49.438]
 [     111.86       50.85]
 [     110.45       50.85]
 [     109.04      52.263]
 [     107.62      52.263]
 [     106.21      53.675]
 [      104.8      53.675]
 [     100.56      57.912]
 [      99.15      57.912]
 [     97.737      59.325]
 [     96.325      59.325]
 [     92.087      63.562]
 [     90.675      63.562]
 [     86.438        67.8]
 [     85.025        67.8]
 [     72.312      80.512]
 [     72.312      81.925]
 [     66.662      87.575]
 [     66.662      88.988]
 [     62.425      93.225]
 [     62.425      94.637]
 [     61.013       96.05]
 [     61.013      97.463]
 [       59.6      98.875]
 [       59.6      100.29]
 [     56.775      103.11]
 [     56.775      104.53]
 [      53.95      107.35]
 [      53.95      108.76]
 [     49.713         113]
 [     49.713      114.41]
 [       48.3      115.82]
 [       48.3      117.24]
 [     46.888      118.65]
 [     46.888      120.06]
 [     45.475      121.47]
 [     45.475      122.89]
 [     44.062       124.3]
 [     44.062      125.71]
 [     41.237      128.54]
 [     41.237      129.95]
 [     38.413      132.77]
 [     38.413      134.19]
 [         37       135.6]
 [         37      137.01]
 [     34.175      139.84]
 [     34.175      141.25]
 [     32.763      142.66]
 [     32.763      144.07]
 [      31.35      145.49]
 [      31.35       146.9]
 [     29.938      148.31]
 [     29.938      149.73]
 [     27.113      152.55]
 [     22.875      152.55]
 [     22.875      177.98]
 [     27.113      177.98]
 [         37      168.09]
 [         37      166.68]
 [     38.413      165.26]
 [     39.825      165.26]
 [      42.65      168.09]
 [      42.65      170.91]
 [     44.062      172.32]
 [     44.062      189.27]
 [     45.475      190.69]
 [     45.475      197.75]
 [     46.888      199.16]
 [     46.888       203.4]
 [       48.3      204.81]
 [       48.3      207.64]
 [     49.713      209.05]
 [     49.713      211.88]
 [     51.125      213.29]
 [     51.125      217.52]
 [     52.538      218.94]
 [     52.538      221.76]
 [      53.95      223.18]
 [      53.95      224.59]
 [     55.362         226]
 [     55.362      227.41]
 [     58.188      230.24]
 [     58.188      231.65]
 [       59.6      233.06]
 [       59.6      234.48]
 [     61.013      235.89]
 [     61.013       237.3]
 [     62.425      238.71]
 [     62.425      240.12]
 [     63.838      241.54]
 [     63.838      242.95]
 [      65.25      244.36]
 [      65.25      245.77]
 [     68.075       248.6]
 [     68.075      250.01]
 [     69.488      251.43]
 [     69.488      252.84]
 [     72.312      255.66]
 [     72.312      257.08]
 [     73.725      258.49]
 [     73.725       259.9]
 [     75.138      261.31]
 [     75.138      262.73]
 [      76.55      264.14]
 [      76.55      265.55]
 [     77.963      266.96]
 [     77.963      268.38]
 [     79.375      269.79]
 [     79.375      272.61]
 [     80.787      274.02]
 [     80.787      275.44]
 [       82.2      276.85]
 [       82.2      278.26]
 [     83.613      279.67]
 [     83.613      281.09]
 [     85.025       282.5]
 [     85.025      283.91]
 [     86.438      285.33]
 [     86.438      286.74]
 [      87.85      288.15]
 [      87.85      289.56]
 [     89.263      290.98]
 [     89.263      292.39]
 [     90.675       293.8]
 [     90.675      295.21]
 [     92.087      296.62]
 [     92.087      298.04]
 [     94.912      300.86]
 [     94.912       305.1]
 [     96.325      306.51]
 [     96.325      312.16]
 [     97.737      312.16]
 [     100.56      314.99]
 [     100.56       316.4]
 [     110.45      326.29]
 [     111.86      326.29]
 [     114.69      329.11]
 [      116.1      329.11]
 [     117.51      330.52]
 [     120.34      330.52]
 [     121.75      331.94]
 [     123.16      331.94]
 [     124.57      333.35]
 [      127.4      333.35]
 [     128.81      334.76]
 [     133.05      334.76]
 [     134.46      336.17]
 [        150      336.17]
 [     151.41      337.59]
 [     152.82      337.59]
 [     154.24         339]
 [     155.65         339]
 [     157.06      340.41]
 [     159.89      340.41]
 [      161.3      341.83]
 [     164.12      341.83]
 [     165.54      343.24]
 [     168.36      343.24]
 [     169.77      344.65]
 [     181.07      344.65]
 [     182.49      343.24]
 [     188.14      343.24]
 [     189.55      344.65]
 [     196.61      344.65]
 [     198.02      346.06]
 [     199.44      346.06]
 [     200.85      344.65]
 [     203.68      344.65]
 [     205.09      346.06]
 [     210.74      346.06]
 [     212.15      344.65]
 [      217.8      344.65]
 [     219.21      343.24]
 [     223.45      343.24]
 [     224.86      341.83]
 [      229.1      341.83]
 [     230.51      340.41]
 [     237.57      340.41]
 [     238.99         339]
 [      240.4         339]
 [     241.81      337.59]
 [     244.64      337.59]
 [     246.05      336.17]
 [     254.52      336.17]
 [     255.94      334.76]
 [     258.76      334.76]
 [     260.17      333.35]
 [     261.59      333.35]
 [        263      331.94]
 [     264.41      331.94]
 [     265.82      330.52]
 [     268.65      330.52]
 [     270.06      329.11]
 [     271.48      329.11]
 [      274.3      326.29]
 [     275.71      326.29]
 [     277.12      324.88]
 [     278.54      324.88]
 [     279.95      323.46]
 [     281.36      323.46]
 [     288.42       316.4]
 [     288.42      313.58]
 [     291.25      310.75]
 [     291.25      309.34]
 [     294.07      306.51]
 [     295.49      306.51]
 [      296.9       305.1]
 [     298.31       305.1]
 [     299.73      303.69]
 [     301.14       305.1]
 [     301.14      306.51]
 [     302.55      306.51]
 [     303.96      307.92]
 [     306.79      307.92]
 [      308.2      306.51]
 [     311.02      306.51]
 [     313.85      303.69]
 [     315.26      303.69]
 [     316.67      302.27]
 [     318.09      302.27]
 [     320.91      299.45]
 [     320.91      298.04]
 [     322.32      296.62]
 [     322.32      295.21]
 [     323.74       293.8]
 [     323.74      292.39]
 [     325.15      290.98]
 [     326.56      290.98]
 [     326.56      289.56]
 [     323.74      286.74]
 [     323.74      278.26]
 [     325.15      276.85]
 [     325.15      272.61]
 [     326.56       271.2]
 [     326.56      266.96]
 [     327.98      265.55]
 [     327.98      264.14]
 [     329.39      262.73]
 [     329.39      261.31]
 [      330.8       259.9]
 [      330.8      257.08]
 [     332.21      255.66]
 [     332.21      251.43]
 [     333.62      250.01]
 [     333.62      247.19]
 [     335.04      245.77]
 [     335.04      242.95]
 [     336.45      241.54]
 [     336.45       237.3]
 [     337.86      235.89]
 [     337.86      218.94]
 [     339.27      217.52]
 [     339.27      209.05]
 [     340.69      207.64]
 [     340.69      201.99]
 [      342.1      200.57]
 [      342.1       192.1]
 [     343.51      190.69]
 [     343.51      176.56]
 [     347.75      172.32]
 [     349.16      172.32]
 [     351.99      175.15]
 [     351.99      176.56]
 [      353.4      177.98]
 [      353.4      179.39]
 [     354.81       180.8]
 [     354.81      182.21]
 [     356.23      183.62]
 [     356.23      185.04]
 [     359.05      187.86]
 [     359.05      189.27]
 [     361.88       192.1]
 [     361.88      193.51]
 [     363.29      193.51]
 [      364.7      194.93]
 [     367.53      194.93]
 [     367.53      190.69]
 [     368.94      189.27]
 [     368.94      185.04]
 [     367.53      183.62]
 [     367.53      175.15]
 [     366.11      173.74]
 [     366.11      168.09]
 [      364.7      166.68]
 [      364.7      163.85]
 [     363.29      162.44]
 [     363.29      159.61]
 [     361.88       158.2]
 [     361.88      155.38]
 [     360.46      153.96]
 [     360.46      151.14]
 [     359.05      149.73]
 [     359.05      148.31]
 [     357.64       146.9]
 [     357.64      144.07]
 [     356.23      142.66]
 [     356.23      139.84]
 [     354.81      138.43]
 [     354.81      137.01]
 [     357.64      134.19]
 [     359.05      134.19]
 [     360.46      132.77]
 [     363.29      132.77]
 [      364.7      134.19]
 [     374.59      134.19]
 [        376      132.77]
 [     374.59      131.36]
 [     371.76      131.36]
 [     370.35      129.95]
 [     367.53      129.95]
 [     366.11      128.54]
 [      364.7      128.54]
 [     363.29      127.12]
 [     361.88      127.12]
 [     360.46      125.71]
 [     359.05      125.71]
 [     356.23      122.89]
 [     354.81      122.89]
 [     346.34      114.41]
 [     344.92      114.41]
 [     329.39      98.875]
 [     329.39      97.463]
 [     322.32        90.4]
 [     322.32      88.988]
 [     316.67      83.338]
 [     316.67      81.925]
 [     315.26      80.512]
 [     313.85      80.512]
 [     312.44        79.1]
 [     312.44      77.688]
 [     309.61      74.863]
 [      308.2      74.863]
 [     305.38      72.037]
 [     305.38      70.625]
 [     303.96      70.625]
 [     298.31      64.975]
 [      296.9      64.975]
 [     295.49      63.562]
 [     294.07      63.562]
 [     289.84      59.325]
 [     288.42      59.325]
 [     287.01      57.912]
 [     284.19      57.912]
 [     281.36      55.088]
 [     279.95      55.088]
 [     278.54      53.675]
 [     277.12      53.675]
 [     275.71      52.263]
 [     272.89      52.263]
 [     270.06      49.438]
 [     268.65      49.438]
 [     267.24      48.025]
 [     264.41      48.025]
 [        263      46.612]
 [     260.17      46.612]
 [     258.76        45.2]
 [     255.94        45.2]
 [     254.52      43.787]
 [     253.11      43.787]
 [      251.7      42.375]
 [     247.46      42.375]
 [     246.05      40.963]
 [     243.22      40.963]
 [     241.81       39.55]
 [     238.99       39.55]
 [     237.57      38.138]
 [     236.16      38.138]
 [     233.34      35.312]
 [     233.34      31.075]]
