Image_Name: bc05606262c32d47185ca9c6f9c419f5
Class: Hand
Inner Main Points: [(374.4218083690421, 613.1876144552621), (366.74885663295504, 616.2286911254671), (350.72789153150256, 596.9989699695158), (366.5599139215871, 617.65273164355), (338.6044120431128, 604.4481077250557)]
Mask Points:
[[     340.69      579.12]
 [     340.69      584.78]
 [     337.86       587.6]
 [     337.86      589.01]
 [     335.04      591.84]
 [     333.62      591.84]
 [     327.98      597.49]
 [     322.32      597.49]
 [     322.32      613.03]
 [     327.98      613.03]
 [     329.39      614.44]
 [     333.62      614.44]
 [     335.04      615.85]
 [     340.69      615.85]
 [      342.1      617.26]
 [     344.92      617.26]
 [     349.16       621.5]
 [     349.16      622.91]
 [     350.57      624.33]
 [     350.57      625.74]
 [     351.99      627.15]
 [     351.99      628.56]
 [     356.23       632.8]
 [     357.64       632.8]
 [     359.05      634.21]
 [     359.05      639.86]
 [     373.18      639.86]
 [     373.18      631.39]
 [     374.59      629.97]
 [     374.59      627.15]
 [     377.41      624.33]
 [     381.65      628.56]
 [     381.65      629.97]
 [     390.13      629.97]
 [     391.54      628.56]
 [     391.54      620.09]
 [     390.13      618.67]
 [     390.13      615.85]
 [      387.3      613.03]
 [     388.71      611.61]
 [     395.78      611.61]
 [     400.01      607.38]
 [     405.66      607.38]
 [     405.66      605.96]
 [     401.43      605.96]
 [     400.01      604.55]
 [     400.01      603.14]
 [      398.6      601.72]
 [      398.6      600.31]
 [     391.54      593.25]
 [     390.13      593.25]
 [     388.71      591.84]
 [      387.3      591.84]
 [     385.89      590.42]
 [     384.48      590.42]
 [     383.06      589.01]
 [     381.65      589.01]
 [     380.24       587.6]
 [     378.83       587.6]
 [     374.59      583.36]
 [     374.59      579.12]]
