Image_Name: bc05606262c32d47185ca9c6f9c419f5
Class: Hand
Inner Main Points: [(76.49692766193579, 613.9185164430993), (50.364000621917704, 638.0489837433998), (69.98623482765726, 614.3852610038163), (66.15134677343454, 614.415704112365), (55.96181748926888, 622.3812772017509)]
Mask Points:
[[     49.713      601.72]
 [     49.713      608.79]
 [       48.3       610.2]
 [       48.3      611.61]
 [     45.475      614.44]
 [     45.475      617.26]
 [     44.062      618.67]
 [     44.062      622.91]
 [      42.65      624.33]
 [      42.65      627.15]
 [     41.237      628.56]
 [     41.237      631.39]
 [     39.825       632.8]
 [     39.825      635.62]
 [     38.413      637.04]
 [     38.413      639.86]
 [         37      641.28]
 [         37      642.69]
 [     35.588       644.1]
 [     35.588      645.51]
 [     34.175      646.92]
 [     28.525      646.92]
 [     28.525      673.76]
 [      42.65      673.76]
 [      42.65      669.53]
 [     49.713      662.46]
 [     49.713      661.05]
 [     55.362       655.4]
 [     56.775       655.4]
 [     62.425      661.05]
 [     68.075      661.05]
 [     72.312      656.81]
 [     72.312      653.99]
 [     73.725      652.58]
 [     73.725      645.51]
 [     79.375      639.86]
 [       82.2      639.86]
 [     83.613      638.45]
 [     86.438      638.45]
 [      87.85      637.04]
 [     90.675      637.04]
 [       93.5      634.21]
 [     92.087       632.8]
 [     92.087      617.26]
 [       93.5      615.85]
 [       93.5      601.72]]
