Image_Name: bc05606262c32d47185ca9c6f9c419f5
Class: Leg
Inner Main Points: [(152.59784597646362, 787.6804597729239), (132.50606098472772, 773.0222030727655), (131.23733064871857, 718.8507262607185), (132.99531601493038, 721.0961594650888), (151.36395167984574, 740.5619061297858)]
Mask Points:
[[     113.27      697.78]
 [     113.27      798.06]
 [     117.51      798.06]
 [     118.92      799.47]
 [     123.16      799.47]
 [     124.57      800.89]
 [      127.4      800.89]
 [     128.81       802.3]
 [     135.88       802.3]
 [     137.29      803.71]
 [     147.18      803.71]
 [     148.59       802.3]
 [     157.06       802.3]
 [     158.47      800.89]
 [     159.89      800.89]
 [     159.89      799.47]
 [      161.3      798.06]
 [      161.3      796.65]
 [     162.71      795.24]
 [     162.71      789.59]
 [     164.12      788.17]
 [     164.12      783.94]
 [     165.54      782.53]
 [     165.54      775.46]
 [     166.95      774.05]
 [     166.95      751.45]
 [     168.36      750.04]
 [     168.36      733.09]
 [     169.77      731.67]
 [     169.77      721.79]
 [     171.19      720.38]
 [     171.19      713.31]
 [      172.6       711.9]
 [      172.6      706.25]
 [     174.01      704.84]
 [     174.01      697.78]]
