Image_Name: bc05606262c32d47185ca9c6f9c419f5
Class: Leg
Inner Main Points: [(230.83379498695868, 767.2799634464945), (245.0381810126967, 723.9092323853492), (218.82840930280793, 752.9217435320284), (226.71868089171957, 754.6068122155899), (220.99859542773888, 718.2603912297377)]
Mask Points:
[[     198.02      697.78]
 [     198.02       802.3]
 [     203.68       802.3]
 [     205.09      803.71]
 [      206.5      803.71]
 [     207.91      805.12]
 [     213.56      805.12]
 [     214.97      806.54]
 [     241.81      806.54]
 [     243.22      805.12]
 [     247.46      805.12]
 [     248.88      803.71]
 [      251.7      803.71]
 [     253.11       802.3]
 [     253.11      799.47]
 [     254.52      798.06]
 [     254.52      788.17]
 [     255.94      786.76]
 [     255.94      769.81]
 [     257.35       768.4]
 [     257.35      742.97]
 [     258.76      741.56]
 [     258.76      724.61]
 [     260.17       723.2]
 [     264.41       723.2]
 [     264.41      697.78]
 [     238.99      697.78]
 [     238.99      702.01]
 [     237.57      703.42]
 [     231.93      703.42]
 [     230.51      704.84]
 [      229.1      704.84]
 [     227.69      703.42]
 [     212.15      703.42]
 [     210.74      702.01]
 [     210.74      697.78]]
