Image_Name: bc05606262c32d47185ca9c6f9c419f5
Class: Lower_clothes
Inner Main Points: [(221.90148657008984, 688.4709445297926), (148.9452020922109, 624.5574240356946), (158.59123466728843, 653.2880578613469), (163.6837623334599, 667.5599140069883), (229.21010178322985, 634.7966709160777)]
Mask Points:
[[     110.45      590.42]
 [     110.45      594.66]
 [     106.21       598.9]
 [     106.21      601.72]
 [      104.8      603.14]
 [      104.8      620.09]
 [     103.39       621.5]
 [     103.39      628.56]
 [     101.97      629.97]
 [     101.97       632.8]
 [     100.56      634.21]
 [     96.325      634.21]
 [     96.325      692.12]
 [     100.56      692.12]
 [     101.97      693.54]
 [     103.39      693.54]
 [      104.8      694.95]
 [     106.21      694.95]
 [     107.62      696.36]
 [     111.86      696.36]
 [     113.27      697.78]
 [     121.75      697.78]
 [     123.16      699.19]
 [     133.05      699.19]
 [     134.46       700.6]
 [     141.52       700.6]
 [     142.94      699.19]
 [     175.43      699.19]
 [     176.84      697.78]
 [     188.14      697.78]
 [     189.55      699.19]
 [     190.96      699.19]
 [     192.38       700.6]
 [     202.26       700.6]
 [     203.68      702.01]
 [      206.5      702.01]
 [     207.91      703.42]
 [     207.91      707.66]
 [     237.57      707.66]
 [     237.57      703.42]
 [     238.99      702.01]
 [      240.4      702.01]
 [     241.81       700.6]
 [     244.64       700.6]
 [     246.05      699.19]
 [     250.29      699.19]
 [      251.7      697.78]
 [     257.35      697.78]
 [     258.76      696.36]
 [     261.59      696.36]
 [        263      694.95]
 [     264.41      694.95]
 [     267.24      692.12]
 [     268.65      692.12]
 [     271.48       689.3]
 [     275.71       689.3]
 [     275.71      629.97]
 [     271.48      629.97]
 [     270.06      628.56]
 [     270.06      620.09]
 [     268.65      618.67]
 [     268.65      600.31]
 [     267.24       598.9]
 [     267.24      590.42]
 [     243.22      590.42]
 [     243.22      594.66]
 [     241.81      596.08]
 [      240.4      596.08]
 [     238.99      597.49]
 [     233.34      597.49]
 [     231.93       598.9]
 [     226.27       598.9]
 [     224.86      600.31]
 [     219.21      600.31]
 [      217.8      601.72]
 [     210.74      601.72]
 [     209.32      603.14]
 [     202.26      603.14]
 [     200.85      604.55]
 [     182.49      604.55]
 [     181.07      605.96]
 [     162.71      605.96]
 [      161.3      604.55]
 [     145.76      604.55]
 [     144.35      603.14]
 [     137.29      603.14]
 [     135.88      601.72]
 [     130.22      601.72]
 [     128.81      600.31]
 [     125.99      600.31]
 [     124.57       598.9]
 [     121.75       598.9]
 [     120.34      597.49]
 [     117.51      597.49]
 [      116.1      596.08]
 [     114.69      596.08]
 [     113.27      594.66]
 [     113.27      590.42]]
