Image_Name: bc05606262c32d47185ca9c6f9c419f5
Class: Shoe
Inner Main Points: [(127.59135598749097, 871.9308141178593), (138.19307163806414, 876.4372158262335), (132.72204050650018, 864.4439296312016), (134.75631992982238, 847.0139158678143), (137.37985740492167, 864.6757371195515)]
Mask Points:
[[     96.325      822.08]
 [     96.325      884.22]
 [     101.97      884.22]
 [     107.62      889.88]
 [     107.62      894.11]
 [     155.65      894.11]
 [     155.65      889.88]
 [     158.47      887.05]
 [     158.47      885.64]
 [      161.3      882.81]
 [      161.3      878.58]
 [     162.71      877.16]
 [     162.71      854.56]
 [     164.12      853.15]
 [     168.36      853.15]
 [     168.36      827.72]
 [     164.12      827.72]
 [     162.71      826.31]
 [     162.71      822.08]
 [     158.47      822.08]
 [     158.47      831.96]
 [     157.06      833.38]
 [     157.06      834.79]
 [     155.65       836.2]
 [     155.65      837.61]
 [     154.24      839.03]
 [        150      839.03]
 [     148.59      837.61]
 [     147.18      837.61]
 [     145.76       836.2]
 [     144.35       836.2]
 [     142.94      834.79]
 [     141.52      834.79]
 [     140.11      833.38]
 [     131.64      833.38]
 [     130.22      834.79]
 [      127.4      834.79]
 [     125.99       836.2]
 [     123.16       836.2]
 [     121.75      837.61]
 [     120.34      837.61]
 [     118.92      839.03]
 [     117.51      839.03]
 [     114.69      841.85]
 [     113.27      841.85]
 [     111.86      843.26]
 [     109.04      843.26]
 [     107.62      844.67]
 [      104.8      841.85]
 [      104.8      840.44]
 [     103.39      839.03]
 [     103.39      837.61]
 [      104.8       836.2]
 [      104.8      831.96]
 [     106.21      830.55]
 [     106.21      822.08]]
