Image_Name: 1724162823046
Class: Pants
Inner Main Points: [(282.42995634353423, 596.6171027889072), (152.59193762609766, 586.9822419076564), (235.6505772154532, 602.7530612916772), (242.9255857838318, 633.4736708556646), (209.00153182988535, 652.4559065150795)]
Mask Points:
[[     121.39      581.69]
 [     121.39      699.44]
 [     244.82      699.44]
 [     244.82      695.19]
 [     246.24      693.77]
 [     261.84      693.77]
 [     263.26      692.35]
 [     285.96      692.35]
 [     293.06      685.26]
 [     293.06      683.84]
 [     294.48      682.42]
 [     294.48      675.33]
 [     293.06      673.91]
 [     293.06      648.37]
 [     294.48      646.95]
 [     294.48      627.09]
 [     293.06      625.67]
 [     293.06      607.23]
 [     294.48      605.81]
 [     294.48      597.29]
 [     297.31      594.46]
 [     301.57      594.46]
 [     301.57      581.69]]
