Image_Name: 1723029430691
Class: Eye
Inner Main Points: [(138.8866403042452, 262.9414481201751), (144.75245300928378, 216.59441989836512), (150.26694093877853, 218.84223949001296), (117.37788576096982, 201.36194062655207), (140.90970620636065, 218.5495131390914)]
Mask Points:
[[     114.29      190.11]
 [     114.29      195.79]
 [     111.46      198.63]
 [     110.04      198.63]
 [     105.78      202.88]
 [     105.78       204.3]
 [     104.36      205.72]
 [     98.688      205.72]
 [     98.688      229.84]
 [     104.36      229.84]
 [     105.78      228.42]
 [      107.2      228.42]
 [     112.88      222.74]
 [     114.29      222.74]
 [     117.13      219.91]
 [     125.64      219.91]
 [     128.48      222.74]
 [     128.48      224.16]
 [     127.06      225.58]
 [     127.06         227]
 [     125.64      228.42]
 [     125.64      235.51]
 [     127.06      236.93]
 [     127.06      245.44]
 [     128.48      246.86]
 [     128.48      253.96]
 [      129.9      255.38]
 [      129.9      259.63]
 [     131.32      261.05]
 [     131.32      262.47]
 [     132.74      263.89]
 [     132.74      265.31]
 [     136.99      269.56]
 [     139.83      269.56]
 [     141.25      270.98]
 [      152.6      270.98]
 [     154.02      269.56]
 [     156.86      269.56]
 [     158.28      268.14]
 [     159.69      268.14]
 [     159.69      266.73]
 [     162.53      263.89]
 [     162.53      262.47]
 [     166.79      258.21]
 [     171.04      258.21]
 [     171.04         227]
 [     166.79         227]
 [     165.37      225.58]
 [     165.37      222.74]
 [     163.95      221.33]
 [     163.95      219.91]
 [     162.53      218.49]
 [     162.53      215.65]
 [     161.11      214.23]
 [     161.11      211.39]
 [     159.69      209.98]
 [     159.69      207.14]
 [     156.86       204.3]
 [     156.86      202.88]
 [     155.44      201.46]
 [     155.44      190.11]]
