Image_Name: e709a2c1c06d45a2a3efefefe418735e
Class: Ear
Inner Main Points: [(218.90128074166554, 236.53897385363936), (235.57133443508542, 274.148905188147), (230.68337293626442, 266.61065467132084), (243.06245184848825, 224.65307223309463), (237.7233974968813, 238.9504119768995)]
Mask Points:
[[      219.6      206.02]
 [      219.6      211.51]
 [     214.11         217]
 [     214.11      218.38]
 [     211.36      221.12]
 [     207.24      221.12]
 [     207.24      247.22]
 [     211.36      247.22]
 [     212.73      248.59]
 [     212.73      255.46]
 [     211.36      256.83]
 [     207.24      256.83]
 [     207.24      266.45]
 [     211.36      266.45]
 [     212.73      267.82]
 [     212.73      269.19]
 [     214.11      270.57]
 [     214.11      278.81]
 [     212.73      280.18]
 [     212.73      282.93]
 [     211.36       284.3]
 [     207.24       284.3]
 [     207.24      291.17]
 [     214.11      291.17]
 [     215.48       289.8]
 [     227.84       289.8]
 [     229.22      288.42]
 [     230.59      288.42]
 [     231.96      287.05]
 [     234.71      287.05]
 [     236.08      285.67]
 [     238.83      285.67]
 [      240.2       284.3]
 [     241.58       284.3]
 [     242.95      282.93]
 [     244.32      282.93]
 [      245.7      281.55]
 [     247.07      281.55]
 [     248.44      280.18]
 [     249.82      280.18]
 [     251.19      278.81]
 [     252.56      278.81]
 [     255.31      276.06]
 [     256.68      276.06]
 [      266.3      266.45]
 [      266.3      265.07]
 [     267.67       263.7]
 [     267.67      260.95]
 [     269.05      259.58]
 [     269.05      256.83]
 [     270.42      255.46]
 [     270.42      236.23]
 [     269.05      234.86]
 [     269.05      230.74]
 [     267.67      229.36]
 [     267.67      225.24]
 [      266.3      223.87]
 [      266.3      221.12]
 [     263.55      218.38]
 [     263.55         217]
 [     258.06      211.51]
 [     258.06      206.02]]
