Image_Name: e709a2c1c06d45a2a3efefefe418735e
Class: Eye
Inner Main Points: [(107.89705921633674, 231.87741082877392), (107.56736694035169, 224.72065311842712), (107.78215375605181, 231.41358358537815), (107.49906436152342, 228.4287223143417), (107.67898079994262, 229.1490918506859)]
Mask Points:
[[     97.366      195.03]
 [     97.366       243.1]
 [     101.49       243.1]
 [     102.86      244.47]
 [     104.23      244.47]
 [     106.98      247.22]
 [     113.85      247.22]
 [     116.59      244.47]
 [     116.59      240.35]
 [     117.97      238.98]
 [     117.97      219.75]
 [     116.59      218.38]
 [     116.59      210.14]
 [     115.22      208.76]
 [     115.22      204.64]
 [     113.85      203.27]
 [     113.85      195.03]]
