Image_Name: e709a2c1c06d45a2a3efefefe418735e
Class: Face
Inner Main Points: [(160.08767384038828, 265.801366838696), (118.1357649626041, 141.1318492733643), (144.96049958536338, 233.62759784170845), (135.27332587810042, 286.83161644307535), (143.3120123133658, 182.39290448071824)]
Mask Points:
[[      131.7      85.153]
 [      131.7      89.273]
 [     130.33      90.647]
 [     128.95      90.647]
 [     127.58       92.02]
 [     126.21       92.02]
 [     122.09      96.141]
 [     120.71      96.141]
 [     119.34      97.514]
 [     117.97      97.514]
 [     116.59      98.887]
 [     115.22      98.887]
 [     112.47      101.63]
 [      111.1      101.63]
 [     108.35      104.38]
 [     106.98      104.38]
 [     101.49      109.88]
 [     100.11      109.88]
 [     97.366      112.62]
 [     95.992      112.62]
 [     89.125      119.49]
 [     87.752      119.49]
 [     82.258      124.98]
 [     82.258      126.36]
 [     79.511       129.1]
 [     79.511      130.48]
 [     76.764      133.22]
 [     76.764       134.6]
 [     75.391      135.97]
 [     75.391      137.34]
 [     74.017      138.72]
 [     74.017      142.84]
 [     72.644      144.21]
 [     72.644      151.08]
 [      71.27      152.45]
 [      71.27       155.2]
 [     69.897      156.57]
 [     69.897      159.32]
 [     68.523      160.69]
 [     64.403      160.69]
 [     64.403      193.65]
 [     68.523      193.65]
 [     69.897      195.03]
 [     69.897      199.15]
 [      71.27      200.52]
 [      71.27      204.64]
 [     72.644      206.02]
 [     72.644      210.14]
 [     74.017      211.51]
 [     74.017         217]
 [     75.391      218.38]
 [     75.391      236.23]
 [     74.017       237.6]
 [     74.017      240.35]
 [     69.897      244.47]
 [     64.403      244.47]
 [     64.403      281.55]
 [     68.523      281.55]
 [      71.27       284.3]
 [      71.27      285.67]
 [     72.644      287.05]
 [     72.644      288.42]
 [     74.017       289.8]
 [     74.017      291.17]
 [     79.511      296.66]
 [     79.511      298.04]
 [     85.005      303.53]
 [     85.005       304.9]
 [     100.11      320.01]
 [     101.49      320.01]
 [     104.23      322.76]
 [     105.61      322.76]
 [     106.98      324.13]
 [     108.35      324.13]
 [     109.73       325.5]
 [      111.1       325.5]
 [     112.47      326.88]
 [     112.47         331]
 [     142.69         331]
 [     142.69      326.88]
 [     144.06       325.5]
 [     145.44       325.5]
 [     148.18      322.76]
 [     149.56      322.76]
 [      152.3      320.01]
 [     153.68      320.01]
 [     155.05      318.64]
 [      157.8      318.64]
 [     159.17      317.26]
 [     161.92      317.26]
 [     163.29      315.89]
 [     164.66      315.89]
 [     166.04      314.52]
 [     167.41      314.52]
 [     168.78      313.14]
 [     171.53      313.14]
 [      172.9      311.77]
 [     175.65      311.77]
 [     177.02       310.4]
 [      178.4       310.4]
 [     179.77      309.02]
 [     181.15      309.02]
 [     182.52      307.65]
 [     183.89      307.65]
 [     185.27      306.28]
 [     188.01      306.28]
 [     189.39       304.9]
 [     190.76       304.9]
 [     192.13      303.53]
 [     193.51      303.53]
 [     196.25      300.78]
 [     197.63      300.78]
 [        199      299.41]
 [     200.37      299.41]
 [     203.12      296.66]
 [     204.49      296.66]
 [     207.24      293.92]
 [     208.61      293.92]
 [     209.99      292.54]
 [     209.99      288.42]
 [     211.36      287.05]
 [     211.36      280.18]
 [     212.73      278.81]
 [     212.73      266.45]
 [     211.36      265.07]
 [     211.36       263.7]
 [     212.73      262.33]
 [     212.73       243.1]
 [     211.36      241.72]
 [     211.36      233.48]
 [     209.99      232.11]
 [     209.99      227.99]
 [     208.61      226.62]
 [     208.61       222.5]
 [     207.24      221.12]
 [     207.24      219.75]
 [     204.49         217]
 [     204.49      215.63]
 [     200.37      211.51]
 [     200.37      210.14]
 [        199      208.76]
 [        199      207.39]
 [     197.63      206.02]
 [     197.63      204.64]
 [     196.25      203.27]
 [     196.25       201.9]
 [     194.88      200.52]
 [     194.88      199.15]
 [     193.51      197.77]
 [     193.51      195.03]
 [     192.13      193.65]
 [     192.13      190.91]
 [     190.76      189.53]
 [     190.76      188.16]
 [     182.52      179.92]
 [     181.15      179.92]
 [     167.41      166.19]
 [     167.41      164.81]
 [     164.66      162.07]
 [     164.66      159.32]
 [     161.92      156.57]
 [     161.92      152.45]
 [     160.54      151.08]
 [     160.54      146.96]
 [     159.17      145.58]
 [     159.17      144.21]
 [     156.42      141.46]
 [     156.42      140.09]
 [     155.05      138.72]
 [     155.05      135.97]
 [     153.68       134.6]
 [     153.68      133.22]
 [      152.3      131.85]
 [      152.3      130.48]
 [     150.93       129.1]
 [     150.93      126.36]
 [     149.56      124.98]
 [     149.56      123.61]
 [     148.18      122.24]
 [     148.18      120.86]
 [     146.81      119.49]
 [     146.81      118.12]
 [     145.44      116.74]
 [     145.44      107.13]
 [     144.06      105.75]
 [     144.06      94.767]
 [     142.69      93.394]
 [     142.69      85.153]]
