Image_Name: e709a2c1c06d45a2a3efefefe418735e
Class: Hand
Inner Main Points: [(165.4048533252713, 623.7478419749842), (171.99856477637096, 596.6857122461549), (158.10728145868612, 606.4078623658702), (165.1191087837401, 606.6655732699297), (166.5967936445373, 614.7186384517566)]
Mask Points:
[[     148.18      579.59]
 [     148.18      590.58]
 [     146.81      591.95]
 [     146.81      593.33]
 [     145.44       594.7]
 [     141.32       594.7]
 [     141.32      629.03]
 [     146.81      629.03]
 [     156.42      638.65]
 [     163.29      638.65]
 [     166.04       635.9]
 [     167.41       635.9]
 [     168.78      634.53]
 [     170.16       635.9]
 [     171.53       635.9]
 [      172.9      637.27]
 [     174.28      637.27]
 [     179.77      642.77]
 [     182.52      642.77]
 [     183.89      644.14]
 [     185.27      644.14]
 [     186.64      642.77]
 [     189.39      642.77]
 [     193.51      638.65]
 [     193.51      634.53]
 [     200.37      627.66]
 [     205.87      627.66]
 [     205.87      620.79]
 [     201.75      620.79]
 [     200.37      619.42]
 [        199      619.42]
 [     197.63      618.05]
 [     196.25      618.05]
 [     193.51       615.3]
 [     192.13       615.3]
 [     190.76      613.93]
 [     190.76      612.55]
 [     189.39      611.18]
 [     189.39      608.43]
 [     188.01      607.06]
 [     188.01      602.94]
 [     189.39      601.57]
 [     189.39      597.45]
 [     190.76      596.07]
 [     190.76      579.59]]
