Image_Name: e709a2c1c06d45a2a3efefefe418735e
Class: Leg
Inner Main Points: [(187.3447660512998, 716.6658368216029), (187.88794306755915, 763.8819467426163), (209.13952209064362, 721.0529137089504), (198.5798018457519, 689.1067182426359), (166.13551850327082, 686.3388606586592)]
Mask Points:
[[      152.3      672.98]
 [      152.3      699.08]
 [     156.42      699.08]
 [      157.8      700.45]
 [      157.8      701.83]
 [     159.17       703.2]
 [     159.17      705.95]
 [     160.54      707.32]
 [     160.54      711.44]
 [     161.92      712.81]
 [     161.92      715.56]
 [     163.29      716.93]
 [     163.29      722.43]
 [     164.66       723.8]
 [     164.66      727.92]
 [     166.04       729.3]
 [     166.04      734.79]
 [     167.41      736.16]
 [     167.41      748.52]
 [     168.78       749.9]
 [     168.78      767.75]
 [     170.16      769.12]
 [     170.16      773.25]
 [      172.9      775.99]
 [      178.4      775.99]
 [     179.77      777.37]
 [     204.49      777.37]
 [     205.87      775.99]
 [     214.11      775.99]
 [     215.48      774.62]
 [     218.23      774.62]
 [      219.6      773.25]
 [     222.35      773.25]
 [     223.72      771.87]
 [      225.1      771.87]
 [     226.47       770.5]
 [     226.47      725.17]
 [      225.1       723.8]
 [      225.1      716.93]
 [     223.72      715.56]
 [     223.72      672.98]]
