Image_Name: e709a2c1c06d45a2a3efefefe418735e
Class: Lower_clothes
Inner Main Points: [(219.61541672724286, 659.0614901721726), (217.52209527823325, 588.6292904931621), (219.59837361895853, 639.2413637720088), (202.00044351877006, 601.1387706976469), (225.62606088571033, 632.5776730336746)]
Mask Points:
[[     119.34       568.6]
 [     119.34      612.55]
 [     123.46      612.55]
 [     124.83      613.93]
 [     124.83      618.05]
 [     126.21      619.42]
 [     126.21      630.41]
 [     127.58      631.78]
 [     127.58      653.76]
 [     128.95      655.13]
 [     128.95      667.49]
 [      131.7      670.24]
 [     133.07      670.24]
 [     134.45      671.61]
 [     134.45       677.1]
 [     197.63       677.1]
 [     197.63      672.98]
 [        199      671.61]
 [     205.87      671.61]
 [     207.24      670.24]
 [     222.35      670.24]
 [     223.72      671.61]
 [      225.1      670.24]
 [     230.59      670.24]
 [     231.96      668.86]
 [     234.71      668.86]
 [     236.08      667.49]
 [     237.46      667.49]
 [     238.83      666.12]
 [     238.83      664.74]
 [      240.2      663.37]
 [      240.2      660.62]
 [     241.58      659.25]
 [     241.58      646.89]
 [     242.95      645.52]
 [     242.95      622.17]
 [     244.32      620.79]
 [     244.32      609.81]
 [      245.7      608.43]
 [     249.82      608.43]
 [     249.82       568.6]
 [     200.37       568.6]
 [     200.37       574.1]
 [     193.51      580.96]
 [     193.51      593.33]
 [     192.13       594.7]
 [     192.13      598.82]
 [     190.76      600.19]
 [     190.76      609.81]
 [     192.13      611.18]
 [     192.13      612.55]
 [     194.88       615.3]
 [     196.25       615.3]
 [     197.63      616.67]
 [        199      616.67]
 [     204.49      622.17]
 [     204.49      623.54]
 [     203.12      624.91]
 [     203.12      626.29]
 [     200.37      629.03]
 [     200.37      630.41]
 [     197.63      633.15]
 [     196.25      633.15]
 [     194.88      634.53]
 [     194.88      638.65]
 [     190.76      642.77]
 [     189.39      642.77]
 [     188.01      644.14]
 [     181.15      644.14]
 [     179.77      642.77]
 [      178.4      642.77]
 [      172.9      637.27]
 [     170.16      637.27]
 [     168.78       635.9]
 [     167.41       635.9]
 [     166.04      637.27]
 [     164.66      637.27]
 [     163.29      638.65]
 [     160.54      638.65]
 [     159.17      640.02]
 [      157.8      640.02]
 [     156.42      638.65]
 [     155.05      638.65]
 [      152.3       635.9]
 [     150.93       635.9]
 [     145.44      630.41]
 [     145.44      629.03]
 [     142.69      626.29]
 [     142.69      623.54]
 [     141.32      622.17]
 [     141.32      620.79]
 [     139.94      619.42]
 [     139.94      616.67]
 [     138.57       615.3]
 [     138.57      611.18]
 [     139.94      609.81]
 [     139.94      605.69]
 [     141.32      604.31]
 [     141.32      602.94]
 [     142.69      601.57]
 [     142.69      598.82]
 [     144.06      597.45]
 [     144.06       594.7]
 [     145.44      593.33]
 [     145.44       589.2]
 [     146.81      587.83]
 [     146.81      580.96]
 [     148.18      579.59]
 [     148.18      578.22]
 [     145.44      575.47]
 [     142.69      575.47]
 [     141.32       574.1]
 [     139.94       574.1]
 [     138.57      572.72]
 [     138.57       568.6]]
