Image_Name: e709a2c1c06d45a2a3efefefe418735e
Class: Stock
Inner Main Points: [(211.6682732815846, 796.4521205916209), (198.10204725215812, 792.9926486120861), (196.21069987253483, 789.7317873026185), (214.00484582642133, 798.435840661323), (209.81225955762474, 791.5226624324607)]
Mask Points:
[[     174.28      777.37]
 [     174.28      799.34]
 [     179.77      799.34]
 [     181.15      800.71]
 [     182.52      800.71]
 [     185.27      803.46]
 [     186.64      803.46]
 [     189.39      806.21]
 [     190.76      806.21]
 [     194.88      810.33]
 [     194.88      814.45]
 [     223.72      814.45]
 [     223.72      810.33]
 [      225.1      808.95]
 [      225.1      807.58]
 [     226.47      806.21]
 [     226.47      777.37]]
