Image_Name: e709a2c1c06d45a2a3efefefe418735e
Class: Upper_clothes
Inner Main Points: [(229.1022828927459, 410.659512709631), (224.98906251037792, 409.81509632810753), (167.8387411330173, 511.3832601388693), (151.0474903619231, 448.15641749422224), (134.00953378956112, 560.5722998778136)]
Mask Points:
[[     171.53      326.88]
 [     171.53         331]
 [     168.78      333.75]
 [     167.41      333.75]
 [     167.41      335.12]
 [     166.04      336.49]
 [     166.04      337.87]
 [     161.92      341.99]
 [     161.92      343.36]
 [     160.54      344.73]
 [     160.54      346.11]
 [     156.42      350.23]
 [     156.42       351.6]
 [     155.05      352.97]
 [     155.05      354.35]
 [     150.93      358.47]
 [     150.93      359.84]
 [     149.56      361.21]
 [     149.56      362.59]
 [     148.18      363.96]
 [     148.18      365.33]
 [     146.81      366.71]
 [     146.81      368.08]
 [     145.44      369.45]
 [     145.44       372.2]
 [     144.06      373.57]
 [     144.06      376.32]
 [     142.69       377.7]
 [     142.69      379.07]
 [     141.32      380.44]
 [     141.32      383.19]
 [     139.94      384.56]
 [     139.94      387.31]
 [     138.57      388.68]
 [     138.57      391.43]
 [      137.2       392.8]
 [      137.2      394.18]
 [     135.82      395.55]
 [     135.82       398.3]
 [     134.45      399.67]
 [     134.45      403.79]
 [     133.07      405.16]
 [     133.07      407.91]
 [      131.7      409.28]
 [      131.7      412.03]
 [     130.33       413.4]
 [     130.33      417.52]
 [     128.95       418.9]
 [     128.95      425.77]
 [     127.58      427.14]
 [     127.58      432.63]
 [     126.21      434.01]
 [     126.21      436.75]
 [     124.83      438.13]
 [     124.83      443.62]
 [     123.46      444.99]
 [     123.46      450.49]
 [     122.09      451.86]
 [     122.09      454.61]
 [     120.71      455.98]
 [     120.71      458.73]
 [     119.34       460.1]
 [     119.34      464.22]
 [     117.97       465.6]
 [     117.97      471.09]
 [     116.59      472.46]
 [     116.59      476.58]
 [     115.22      477.96]
 [     115.22      482.08]
 [     113.85      483.45]
 [     113.85      487.57]
 [     112.47      488.94]
 [     112.47      494.44]
 [      111.1      495.81]
 [      111.1       501.3]
 [     109.73      502.68]
 [     109.73      505.42]
 [     106.98      508.17]
 [     102.86      508.17]
 [     102.86      546.63]
 [     106.98      546.63]
 [     109.73      549.38]
 [     109.73      550.75]
 [      111.1      552.12]
 [      111.1       553.5]
 [     112.47      554.87]
 [     112.47      556.24]
 [     113.85      557.62]
 [     113.85      560.36]
 [     115.22      561.74]
 [     115.22      565.86]
 [     116.59      567.23]
 [     116.59      569.98]
 [     119.34      572.72]
 [     122.09      572.72]
 [     123.46       574.1]
 [     135.82       574.1]
 [      137.2      575.47]
 [     142.69      575.47]
 [     144.06      576.84]
 [     156.42      576.84]
 [      157.8      578.22]
 [     160.54      578.22]
 [     161.92      579.59]
 [     161.92      583.71]
 [     194.88      583.71]
 [     194.88      579.59]
 [     201.75      572.72]
 [     212.73      572.72]
 [     214.11      571.35]
 [     226.47      571.35]
 [     227.84      569.98]
 [     237.46      569.98]
 [     238.83       568.6]
 [     244.32       568.6]
 [      245.7      567.23]
 [     247.07      567.23]
 [     252.56      561.74]
 [     252.56      560.36]
 [     255.31      557.62]
 [     255.31      556.24]
 [     256.68      554.87]
 [     256.68       553.5]
 [     258.06      552.12]
 [     258.06      550.75]
 [     259.43      549.38]
 [     259.43      546.63]
 [      260.8      545.25]
 [      260.8      523.28]
 [     259.43      521.91]
 [     259.43      516.41]
 [     258.06      515.04]
 [     258.06      509.55]
 [     256.68      508.17]
 [     256.68       501.3]
 [     255.31      499.93]
 [     255.31      493.06]
 [     253.94      491.69]
 [     253.94      487.57]
 [     252.56       486.2]
 [     252.56      479.33]
 [     251.19      477.96]
 [     251.19      469.72]
 [     249.82      468.34]
 [     249.82      457.35]
 [     248.44      455.98]
 [     248.44      450.49]
 [     247.07      449.11]
 [     247.07      440.87]
 [      245.7       439.5]
 [      245.7      423.02]
 [     244.32      421.65]
 [     244.32      416.15]
 [     242.95      414.78]
 [     242.95      410.66]
 [     241.58      409.28]
 [     241.58      403.79]
 [      240.2      402.42]
 [      240.2      391.43]
 [     238.83      390.06]
 [     238.83      383.19]
 [     237.46      381.82]
 [     237.46       377.7]
 [     236.08      376.32]
 [     236.08      370.83]
 [     234.71      369.45]
 [     234.71      354.35]
 [     233.34      352.97]
 [     233.34      343.36]
 [     231.96      341.99]
 [     231.96      336.49]
 [     230.59      335.12]
 [     230.59      332.37]
 [     229.22         331]
 [     229.22      326.88]]
