Image_Name: 68113aed4ce3e244cfd40b5a15b84379
Class: Pants
Inner Main Points: [(195.34652235370635, 669.6558737205148), (129.99197922459487, 614.324293798367), (222.31829865137667, 580.3462071528469), (190.79003482616275, 606.5380103222578), (225.12530622508842, 600.3342864897467)]
Mask Points:
[[     124.83       568.6]
 [     124.83       682.6]
 [     159.17       682.6]
 [     159.17      678.48]
 [     160.54       677.1]
 [     166.04       677.1]
 [     167.41      675.73]
 [      240.2      675.73]
 [     241.58      674.36]
 [     242.95      674.36]
 [     244.32      672.98]
 [     249.82      672.98]
 [     249.82       568.6]]
