Image_Name: 68113aed4ce3e244cfd40b5a15b84379
Class: Shoes
Inner Main Points: [(183.00372545663447, 807.5923960675308), (105.48690945604393, 834.2375259177616), (175.72513859661572, 806.1733740389247), (232.47083883603787, 860.013146231357), (134.24494673509508, 783.3886613995916)]
Mask Points:
[[     86.378      777.37]
 [     86.378       837.8]
 [     90.498       837.8]
 [     91.872      839.17]
 [     91.872      859.77]
 [     90.498      861.15]
 [     86.378      861.15]
 [     86.378      874.88]
 [      111.1      874.88]
 [      111.1      870.76]
 [     112.47      869.39]
 [     115.22      869.39]
 [     116.59      868.01]
 [     130.33      868.01]
 [      131.7      866.64]
 [     220.97      866.64]
 [     222.35      868.01]
 [      240.2      868.01]
 [     241.58      866.64]
 [     242.95      866.64]
 [     242.95      865.27]
 [     244.32      863.89]
 [     242.95      862.52]
 [     242.95      841.92]
 [     241.58      840.54]
 [     241.58      813.08]
 [     242.95       811.7]
 [     242.95      789.73]
 [     241.58      788.35]
 [     242.95      786.98]
 [     242.95      782.86]
 [     244.32      781.49]
 [     244.32      777.37]]
