Image_Name: b13d189ceab6aa49bbe744e9ac6c3508
Class: Ear
Inner Main Points: [(292.1503196804907, 660.5159549691414), (338.46768345063475, 773.0520841991224), (381.0539644507191, 712.157617195262), (368.81605701800197, 646.5829060827848), (327.00719136336716, 624.2816562860669)]
Mask Points:
[[        279         606]
 [        279         618]
 [        273         624]
 [        273         627]
 [        261         639]
 [        261         642]
 [        243         660]
 [        234         660]
 [        234         774]
 [        246         774]
 [        252         780]
 [        252         783]
 [        270         801]
 [        273         801]
 [        282         810]
 [        288         810]
 [        291         813]
 [        294         813]
 [        297         816]
 [        300         816]
 [        303         819]
 [        306         819]
 [        309         822]
 [        318         822]
 [        321         825]
 [        327         825]
 [        330         828]
 [        333         828]
 [        339         834]
 [        339         855]
 [        408         855]
 [        408         828]
 [        411         825]
 [        411         822]
 [        408         819]
 [        408         810]
 [        405         807]
 [        405         792]
 [        402         789]
 [        402         771]
 [        399         768]
 [        399         741]
 [        396         738]
 [        396         714]
 [        393         711]
 [        393         699]
 [        390         696]
 [        390         687]
 [        387         684]
 [        387         666]
 [        384         663]
 [        384         645]
 [        381         642]
 [        381         636]
 [        378         633]
 [        378         627]
 [        375         624]
 [        375         621]
 [        369         615]
 [        369         606]]
