Image_Name: 1724159872744
Class: Pants
Inner Main Points: [(132.88378380989386, 627.2152480539827), (141.0397367489422, 673.5935791872022), (241.56012948714906, 634.2094588929225), (243.45873083149718, 652.9969755176437), (212.41097581986102, 638.0650616840425)]
Mask Points:
[[     124.83       568.6]
 [     124.83       682.6]
 [     159.17       682.6]
 [     159.17      678.48]
 [     160.54       677.1]
 [     166.04       677.1]
 [     167.41      675.73]
 [      240.2      675.73]
 [     241.58      674.36]
 [     242.95      674.36]
 [     244.32      672.98]
 [     249.82      672.98]
 [     249.82       568.6]]
