Image_Name: b13d189ceab6aa49bbe744e9ac6c3508
Class: Eye
Inner Main Points: [(606.1337559852118, 747.3782913206442), (595.9537332813806, 670.916949444692), (648.9870248467547, 720.9887811531671), (633.682885773802, 725.5153729764809), (629.1718635154571, 721.6143738374099)]
Mask Points:
[[        486         654]
 [        486         717]
 [        495         717]
 [        501         723]
 [        504         723]
 [        510         729]
 [        513         729]
 [        516         732]
 [        519         732]
 [        522         735]
 [        525         735]
 [        528         738]
 [        531         738]
 [        534         741]
 [        540         741]
 [        543         744]
 [        549         744]
 [        555         750]
 [        555         759]
 [        648         759]
 [        648         750]
 [        672         726]
 [        672         708]
 [        669         705]
 [        669         702]
 [        660         693]
 [        660         690]
 [        657         687]
 [        654         687]
 [        642         675]
 [        639         675]
 [        633         669]
 [        630         669]
 [        627         666]
 [        627         654]]
