Image_Name: b13d189ceab6aa49bbe744e9ac6c3508
Class: Face
Inner Main Points: [(450.6186238554835, 624.4156294929976), (497.3844357947037, 846.3987681401104), (527.0943896115209, 909.5746449991102), (699.0947233937694, 895.4090363761361), (521.2010189005869, 806.6184269867257)]
Mask Points:
[[        576         450]
 [        576         459]
 [        555         480]
 [        552         480]
 [        546         486]
 [        543         486]
 [        540         489]
 [        537         489]
 [        531         495]
 [        528         495]
 [        525         498]
 [        519         498]
 [        516         501]
 [        486         501]
 [        483         498]
 [        474         498]
 [        468         504]
 [        468         510]
 [        465         513]
 [        465         516]
 [        462         519]
 [        462         528]
 [        459         531]
 [        459         537]
 [        456         540]
 [        456         543]
 [        453         546]
 [        453         552]
 [        450         555]
 [        450         561]
 [        447         564]
 [        447         567]
 [        444         570]
 [        444         579]
 [        441         582]
 [        441         588]
 [        438         591]
 [        438         600]
 [        435         603]
 [        435         612]
 [        432         615]
 [        432         627]
 [        429         630]
 [        429         639]
 [        426         642]
 [        426         648]
 [        423         651]
 [        423         660]
 [        420         663]
 [        420         672]
 [        417         675]
 [        417         684]
 [        414         687]
 [        414         699]
 [        411         702]
 [        411         711]
 [        408         714]
 [        408         723]
 [        405         726]
 [        405         747]
 [        402         750]
 [        399         747]
 [        399         744]
 [        396         741]
 [        396         723]
 [        393         720]
 [        393         714]
 [        390         711]
 [        390         699]
 [        387         696]
 [        387         681]
 [        384         678]
 [        384         651]
 [        381         648]
 [        381         639]
 [        378         636]
 [        378         630]
 [        369         621]
 [        363         621]
 [        360         618]
 [        357         618]
 [        354         615]
 [        351         615]
 [        348         612]
 [        339         612]
 [        336         609]
 [        321         609]
 [        318         612]
 [        303         612]
 [        297         618]
 [        294         618]
 [        288         624]
 [        285         624]
 [        252         657]
 [        252         660]
 [        246         666]
 [        234         666]
 [        234         771]
 [        246         771]
 [        249         774]
 [        249         777]
 [        273         801]
 [        276         801]
 [        285         810]
 [        288         810]
 [        291         813]
 [        294         813]
 [        300         819]
 [        303         819]
 [        306         822]
 [        312         822]
 [        315         825]
 [        321         825]
 [        324         828]
 [        336         828]
 [        339         831]
 [        345         831]
 [        348         834]
 [        351         834]
 [        354         837]
 [        363         837]
 [        366         840]
 [        369         840]
 [        372         843]
 [        372         852]
 [        369         855]
 [        369         858]
 [        366         861]
 [        363         861]
 [        360         864]
 [        354         864]
 [        348         870]
 [        351         873]
 [        351         885]
 [        348         888]
 [        348         894]
 [        357         903]
 [        360         903]
 [        363         906]
 [        366         906]
 [        369         909]
 [        375         909]
 [        378         912]
 [        381         912]
 [        384         915]
 [        390         915]
 [        393         918]
 [        396         918]
 [        402         924]
 [        405         924]
 [        408         927]
 [        411         927]
 [        414         930]
 [        417         930]
 [        420         933]
 [        426         933]
 [        429         936]
 [        432         936]
 [        435         939]
 [        444         939]
 [        447         942]
 [        453         942]
 [        456         945]
 [        459         945]
 [        462         948]
 [        468         948]
 [        471         951]
 [        474         951]
 [        477         954]
 [        483         954]
 [        486         957]
 [        489         957]
 [        492         960]
 [        501         960]
 [        504         963]
 [        522         963]
 [        525         966]
 [        534         966]
 [        537         969]
 [        546         969]
 [        549         972]
 [        558         972]
 [        564         978]
 [        567         978]
 [        570         981]
 [        579         981]
 [        582         984]
 [        585         984]
 [        594         993]
 [        594        1011]
 [        669        1011]
 [        669         999]
 [        675         993]
 [        681         993]
 [        684         990]
 [        762         990]
 [        765         987]
 [        801         987]
 [        804         984]
 [        813         984]
 [        816         981]
 [        828         981]
 [        831         978]
 [        840         978]
 [        843         975]
 [        852         975]
 [        855         972]
 [        861         972]
 [        864         969]
 [        873         969]
 [        876         966]
 [        885         966]
 [        888         963]
 [        897         963]
 [        900         960]
 [        903         960]
 [        906         957]
 [        909         957]
 [        912         954]
 [        918         954]
 [        921         951]
 [        927         951]
 [        933         945]
 [        936         945]
 [        939         942]
 [        942         942]
 [        945         939]
 [        948         939]
 [        954         933]
 [        957         933]
 [        960         930]
 [        963         930]
 [        966         927]
 [        969         927]
 [        975         921]
 [        978         921]
 [        990         909]
 [        993         909]
 [       1011         891]
 [       1011         888]
 [       1023         876]
 [       1023         873]
 [       1029         867]
 [       1029         864]
 [       1035         858]
 [       1035         855]
 [       1038         852]
 [       1038         849]
 [       1041         846]
 [       1041         840]
 [       1044         837]
 [       1044         828]
 [       1047         825]
 [       1047         819]
 [       1050         816]
 [       1059         816]
 [       1059         783]
 [       1050         783]
 [       1047         780]
 [       1047         771]
 [       1044         768]
 [       1044         756]
 [       1041         753]
 [       1041         747]
 [       1038         744]
 [       1038         738]
 [       1035         735]
 [       1035         729]
 [       1032         726]
 [       1032         723]
 [       1029         720]
 [       1029         717]
 [       1026         714]
 [       1026         711]
 [       1023         708]
 [       1023         705]
 [       1014         696]
 [       1014         693]
 [       1005         684]
 [       1005         681]
 [        999         675]
 [        996         675]
 [        960         639]
 [        960         636]
 [        957         633]
 [        957         591]
 [        960         588]
 [        960         567]
 [        963         564]
 [        963         549]
 [        966         546]
 [        966         534]
 [        969         531]
 [        969         513]
 [        966         510]
 [        966         507]
 [        960         501]
 [        960         498]
 [        957         495]
 [        957         492]
 [        951         486]
 [        951         483]
 [        948         483]
 [        945         480]
 [        936         480]
 [        933         483]
 [        930         483]
 [        924         489]
 [        921         489]
 [        918         492]
 [        915         492]
 [        909         498]
 [        906         498]
 [        903         501]
 [        897         501]
 [        894         504]
 [        882         504]
 [        879         507]
 [        846         507]
 [        843         504]
 [        831         504]
 [        828         501]
 [        822         501]
 [        813         492]
 [        810         492]
 [        801         483]
 [        801         480]
 [        792         471]
 [        792         468]
 [        789         465]
 [        789         450]
 [        771         450]
 [        771         462]
 [        768         465]
 [        765         465]
 [        753         477]
 [        750         477]
 [        744         483]
 [        741         483]
 [        738         486]
 [        735         486]
 [        732         489]
 [        729         489]
 [        726         492]
 [        720         492]
 [        717         495]
 [        711         495]
 [        708         498]
 [        696         498]
 [        693         501]
 [        657         501]
 [        654         498]
 [        636         498]
 [        633         495]
 [        630         495]
 [        627         492]
 [        624         492]
 [        621         489]
 [        615         489]
 [        597         471]
 [        597         468]
 [        591         462]
 [        591         450]]
