Image_Name: b13d189ceab6aa49bbe744e9ac6c3508
Class: Hair
Inner Main Points: [(1782.5620544322628, 357.26872215377347), (1888.6078454066183, 74.01754375180892), (1897.6453400402597, 374.3772386019267), (1887.8641987746219, 114.75259573450494), (1891.6595468894666, 546.1745206225237)]
Mask Points:
[[       1869          42]
 [       1869          54]
 [       1860          63]
 [       1860          69]
 [       1857          72]
 [       1857          75]
 [       1845          87]
 [       1845          96]
 [       1842          99]
 [       1842         102]
 [       1845         105]
 [       1845         114]
 [       1836         123]
 [       1833         123]
 [       1830         126]
 [       1830         138]
 [       1821         147]
 [       1818         147]
 [       1818         150]
 [       1827         150]
 [       1833         156]
 [       1833         165]
 [       1827         171]
 [       1821         171]
 [       1818         168]
 [       1815         171]
 [       1818         174]
 [       1827         174]
 [       1836         183]
 [       1836         198]
 [       1842         204]
 [       1842         216]
 [       1845         219]
 [       1845         258]
 [       1839         264]
 [       1836         264]
 [       1833         267]
 [       1812         267]
 [       1809         270]
 [       1806         270]
 [       1803         273]
 [       1800         270]
 [       1794         270]
 [       1791         267]
 [       1791         264]
 [       1788         261]
 [       1788         255]
 [       1779         246]
 [       1776         249]
 [       1773         249]
 [       1773         252]
 [       1770         255]
 [       1767         252]
 [       1767         249]
 [       1764         246]
 [       1764         243]
 [       1767         240]
 [       1767         231]
 [       1770         228]
 [       1770         225]
 [       1773         222]
 [       1773         216]
 [       1770         213]
 [       1770         210]
 [       1767         207]
 [       1767         204]
 [       1764         201]
 [       1764         198]
 [       1761         195]
 [       1758         195]
 [       1755         198]
 [       1755         210]
 [       1752         213]
 [       1752         216]
 [       1746         222]
 [       1746         225]
 [       1743         228]
 [       1743         240]
 [       1740         243]
 [       1740         255]
 [       1737         258]
 [       1737         291]
 [       1740         294]
 [       1740         300]
 [       1743         303]
 [       1743         306]
 [       1740         309]
 [       1740         312]
 [       1737         315]
 [       1737         321]
 [       1740         324]
 [       1740         342]
 [       1743         345]
 [       1743         348]
 [       1752         357]
 [       1752         360]
 [       1758         366]
 [       1758         369]
 [       1764         375]
 [       1764         378]
 [       1755         387]
 [       1752         387]
 [       1740         399]
 [       1737         399]
 [       1728         408]
 [       1728         411]
 [       1731         411]
 [       1734         414]
 [       1752         414]
 [       1755         411]
 [       1767         411]
 [       1770         408]
 [       1776         408]
 [       1779         405]
 [       1788         405]
 [       1791         402]
 [       1806         402]
 [       1809         399]
 [       1812         399]
 [       1815         396]
 [       1818         396]
 [       1821         393]
 [       1833         393]
 [       1836         390]
 [       1851         390]
 [       1854         387]
 [       1863         387]
 [       1866         384]
 [       1872         384]
 [       1875         381]
 [       1890         381]
 [       1896         387]
 [       1896         405]
 [       1890         411]
 [       1890         414]
 [       1887         417]
 [       1887         423]
 [       1884         426]
 [       1884         432]
 [       1878         438]
 [       1878         441]
 [       1875         444]
 [       1875         450]
 [       1872         453]
 [       1872         456]
 [       1869         459]
 [       1869         462]
 [       1866         465]
 [       1866         471]
 [       1863         474]
 [       1863         480]
 [       1860         483]
 [       1860         489]
 [       1857         492]
 [       1857         495]
 [       1854         498]
 [       1854         501]
 [       1848         507]
 [       1848         510]
 [       1845         513]
 [       1845         519]
 [       1842         522]
 [       1842         525]
 [       1839         528]
 [       1833         528]
 [       1827         534]
 [       1824         534]
 [       1824         537]
 [       1818         543]
 [       1818         549]
 [       1815         552]
 [       1815         579]
 [       1818         582]
 [       1818         591]
 [       1821         594]
 [       1821         597]
 [       1824         600]
 [       1824         603]
 [       1827         606]
 [       1827         609]
 [       1848         630]
 [       1851         630]
 [       1854         633]
 [       1854         636]
 [       1857         636]
 [       1860         639]
 [       1860         651]
 [       1917         651]
 [       1917          42]]
