Image_Name: Family_YO
Class: Lower_clothes
Inner Main Points: [(390.0756312861025, 657.6634884170527), (412.506195888358, 720.4887995799437), (325.0729234715304, 700.6114368620548), (262.154199530476, 730.9634710491475), (388.8614852336992, 704.9924821203953)]
Mask Points:
[[     243.94      632.49]
 [     243.94      716.56]
 [     247.95      716.56]
 [     249.28      717.89]
 [     249.28       721.9]
 [     250.62      723.23]
 [     250.62       729.9]
 [     251.95      731.24]
 [     251.95      736.58]
 [     253.28      737.91]
 [     253.28      744.58]
 [     254.62      745.92]
 [     254.62      752.59]
 [     255.95      753.92]
 [     255.95      759.26]
 [     257.29      760.59]
 [     257.29      765.93]
 [     258.62      767.27]
 [     258.62      771.27]
 [     259.96       772.6]
 [     259.96      773.94]
 [     261.29      775.27]
 [     262.62      775.27]
 [     263.96      776.61]
 [     275.97      776.61]
 [      277.3      777.94]
 [     289.31      777.94]
 [     290.65      779.28]
 [     306.66      779.28]
 [     307.99      777.94]
 [     329.34      777.94]
 [     332.01      775.27]
 [     332.01      773.94]
 [     333.35       772.6]
 [     333.35      771.27]
 [     334.68      769.93]
 [     334.68      765.93]
 [     336.02       764.6]
 [     336.02      757.92]
 [     337.35      756.59]
 [     337.35      749.92]
 [     338.68      748.58]
 [     338.68      743.25]
 [     340.02      741.91]
 [     340.02      739.24]
 [     341.35      737.91]
 [     341.35      736.58]
 [     342.69      735.24]
 [     342.69      733.91]
 [     344.02      732.57]
 [     346.69      735.24]
 [     346.69      739.24]
 [     348.03      740.58]
 [     348.03      744.58]
 [     349.36      745.92]
 [     349.36      751.25]
 [     350.69      752.59]
 [     350.69      753.92]
 [     352.03      755.26]
 [     352.03      757.92]
 [     353.36      759.26]
 [     353.36      760.59]
 [      354.7      761.93]
 [      354.7      763.26]
 [     356.03       764.6]
 [     398.73       764.6]
 [     400.07      763.26]
 [     418.75      763.26]
 [     420.08      761.93]
 [     421.42      761.93]
 [     422.75      760.59]
 [     424.08      760.59]
 [     424.08      759.26]
 [     425.42      757.92]
 [     425.42      756.59]
 [     426.75      755.26]
 [     426.75      749.92]
 [     428.09      748.58]
 [     428.09      741.91]
 [     429.42      740.58]
 [     429.42      736.58]
 [     430.76      735.24]
 [     434.76      735.24]
 [     434.76      637.83]
 [     430.76      637.83]
 [     429.42       636.5]
 [     429.42      632.49]
 [     370.71      632.49]
 [     370.71       636.5]
 [     369.38      637.83]
 [     365.37      637.83]
 [     364.04      639.17]
 [     309.33      639.17]
 [     307.99      637.83]
 [     299.99      637.83]
 [     298.65       636.5]
 [     298.65      632.49]]
