Image_Name: af7e545b1cb0f91fabf4cd0b245433b1
Class: Leg
Inner Main Points: [(213.79678753185507, 755.2696218855091), (224.4817318674723, 720.3616998426345), (221.41213364098027, 764.6520786238442), (218.65460179484134, 779.4635849218698), (213.28718250713186, 768.2746542055058)]
Mask Points:
[[     198.02      703.42]
 [     198.02      805.12]
 [     202.26      805.12]
 [     203.68      806.54]
 [      206.5      806.54]
 [     207.91      807.95]
 [     243.22      807.95]
 [     244.64      806.54]
 [     250.29      806.54]
 [     253.11      803.71]
 [     253.11      796.65]
 [     254.52      795.24]
 [     254.52      785.35]
 [     255.94      783.94]
 [     255.94       768.4]
 [     257.35      766.99]
 [     257.35      730.26]
 [     255.94      728.85]
 [     255.94      727.44]
 [     254.52      726.03]
 [     254.52       723.2]
 [     253.11      721.79]
 [     253.11      720.38]
 [      251.7      718.96]
 [      251.7      717.55]
 [     250.29      716.14]
 [     250.29      703.42]]
