Image_Name: af7e545b1cb0f91fabf4cd0b245433b1
Class: Shoe
Inner Main Points: [(126.66176870080452, 853.0803879080903), (125.41049103315326, 856.6359979456913), (127.23998900634838, 874.7013024776611), (130.2214053250971, 873.2730060113806), (128.55094025260973, 874.6180420556568)]
Mask Points:
[[     133.05      827.72]
 [     133.05      831.96]
 [     130.22      834.79]
 [     125.99      834.79]
 [     124.57       836.2]
 [     123.16       836.2]
 [     120.34      839.03]
 [     118.92      839.03]
 [      116.1      841.85]
 [     114.69      841.85]
 [     111.86      844.67]
 [     107.62      844.67]
 [     106.21      846.09]
 [      104.8      844.67]
 [     96.325      844.67]
 [     96.325      882.81]
 [     101.97      882.81]
 [      104.8      885.64]
 [     106.21      885.64]
 [     107.62      887.05]
 [     109.04      887.05]
 [     111.86      889.88]
 [     111.86      894.11]
 [     148.59      894.11]
 [     148.59      889.88]
 [        150      888.46]
 [     151.41      888.46]
 [     152.82      887.05]
 [     155.65      887.05]
 [     159.89      882.81]
 [     159.89       881.4]
 [      161.3      879.99]
 [      161.3      837.61]
 [     164.12      834.79]
 [     168.36      834.79]
 [     168.36      827.72]
 [     155.65      827.72]
 [     155.65      837.61]
 [     154.24      839.03]
 [     151.41      839.03]
 [        150      837.61]
 [     148.59      837.61]
 [     147.18       836.2]
 [     145.76       836.2]
 [     141.52      831.96]
 [     141.52      827.72]]
