Image_Name: af7e545b1cb0f91fabf4cd0b245433b1
Class: Stock
Inner Main Points: [(125.74286860281973, 815.1081035032112), (140.331536017987, 816.5077051450753), (137.2944997611502, 815.671850673913), (124.22419340324355, 816.9644019337444), (128.90387102439993, 816.2177043869434)]
Mask Points:
[[     107.62      799.47]
 [     107.62      841.85]
 [     113.27      841.85]
 [     117.51      837.61]
 [     118.92      837.61]
 [     120.34       836.2]
 [     121.75       836.2]
 [     124.57      833.38]
 [     128.81      833.38]
 [     130.22      831.96]
 [     142.94      831.96]
 [     144.35      833.38]
 [     145.76      833.38]
 [     147.18      834.79]
 [     152.82      834.79]
 [     152.82      833.38]
 [     154.24      831.96]
 [     154.24      827.72]
 [     155.65      826.31]
 [     155.65      823.49]
 [     157.06      822.08]
 [     157.06      812.19]
 [     155.65      810.78]
 [     155.65      807.95]
 [     154.24      806.54]
 [     154.24      805.12]
 [     152.82      803.71]
 [     152.82      799.47]]
