Image_Name: 6acce9637903ed35cfd710f8e33c6054
Class: Hand
Inner Main Points: [(166.4176840008661, 602.9691334782973), (158.05808533345544, 617.210379844466), (170.2019240509, 602.2546109449851), (160.11282129742486, 613.1604583979613), (174.7250191662946, 619.7076180327899)]
Mask Points:
[[     148.18      579.59]
 [     148.18      583.71]
 [     146.81      585.08]
 [     146.81      590.58]
 [     145.44      591.95]
 [     141.32      591.95]
 [     141.32      630.41]
 [     145.44      630.41]
 [     149.56      634.53]
 [     150.93      634.53]
 [     155.05      638.65]
 [     156.42      638.65]
 [      157.8      640.02]
 [     163.29      640.02]
 [     164.66      638.65]
 [     174.28      638.65]
 [      178.4      642.77]
 [     179.77      642.77]
 [     181.15      644.14]
 [     186.64      644.14]
 [     188.01      642.77]
 [     190.76      642.77]
 [     194.88      638.65]
 [     194.88      634.53]
 [        199      630.41]
 [        199      629.03]
 [     203.12      624.91]
 [     203.12      622.17]
 [     200.37      619.42]
 [        199      619.42]
 [     196.25      616.67]
 [     194.88      616.67]
 [     189.39      611.18]
 [     189.39      608.43]
 [     188.01      607.06]
 [     188.01      604.31]
 [     189.39      602.94]
 [     189.39      597.45]
 [     190.76      596.07]
 [     190.76      579.59]]
