Image_Name: 38d5dba32b7e677866e372fb99dabda8
Class: Clothes
Inner Main Points: [(202, 459)]
Mask Points:
[[     142.25      347.88]
 [     142.25      352.19]
 [     139.38      355.06]
 [     135.06      355.06]
 [     133.62       356.5]
 [     132.19       356.5]
 [     130.75      357.94]
 [     127.87      357.94]
 [     126.44      359.38]
 [        125      359.38]
 [     123.56      360.81]
 [     122.12      360.81]
 [     119.25      363.69]
 [     117.81      363.69]
 [     116.37      365.12]
 [     114.94      365.12]
 [     110.62      369.44]
 [     109.19      369.44]
 [     106.31      372.31]
 [     106.31      373.75]
 [     104.87      375.19]
 [     99.125      375.19]
 [     99.125       402.5]
 [     103.44       402.5]
 [     104.87      403.94]
 [     104.87      405.38]
 [     106.31      406.81]
 [     106.31      408.25]
 [     107.75      409.69]
 [     107.75      412.56]
 [     109.19         414]
 [     109.19      415.44]
 [     110.62      416.88]
 [     110.62      419.75]
 [     112.06      421.19]
 [     112.06      426.94]
 [      113.5      428.38]
 [      113.5      439.88]
 [     114.94      441.31]
 [     114.94      449.94]
 [     116.37      451.38]
 [     116.37      493.06]
 [     117.81       494.5]
 [     117.81         529]
 [     119.25      530.44]
 [     119.25      547.69]
 [     120.69      549.12]
 [     120.69      559.19]
 [     122.12      560.62]
 [     122.12       563.5]
 [     129.31      570.69]
 [     130.75      570.69]
 [     133.62      573.56]
 [     135.06      573.56]
 [      136.5         575]
 [     150.88         575]
 [     152.31      573.56]
 [     156.62      573.56]
 [     158.06      572.12]
 [     162.38      572.12]
 [     163.81      570.69]
 [     168.12      570.69]
 [     169.56      569.25]
 [     178.19      569.25]
 [     179.62      567.81]
 [     195.44      567.81]
 [     196.88      566.38]
 [     211.25      566.38]
 [     212.69      564.94]
 [     215.56      564.94]
 [        217       563.5]
 [     221.31       563.5]
 [     222.75      562.06]
 [     224.19      562.06]
 [     225.62      560.62]
 [      228.5      560.62]
 [     231.38      557.75]
 [     231.38      556.31]
 [     232.81      554.88]
 [     232.81      553.44]
 [     234.25         552]
 [     234.25      550.56]
 [     235.69      549.12]
 [     241.44      549.12]
 [     242.88      547.69]
 [     244.31      547.69]
 [     245.75      546.25]
 [     248.62      546.25]
 [      251.5      543.38]
 [     252.94      543.38]
 [     254.38      541.94]
 [     255.81      541.94]
 [     257.25       540.5]
 [     261.56       540.5]
 [        263      539.06]
 [     264.44      539.06]
 [     265.88      537.62]
 [     267.31      537.62]
 [     268.75      536.19]
 [     271.62      536.19]
 [     273.06      534.75]
 [      274.5      534.75]
 [     275.94      533.31]
 [     277.38      533.31]
 [     277.38      531.88]
 [     278.81      530.44]
 [     278.81         529]
 [     280.25      527.56]
 [     280.25      475.81]
 [     278.81      474.38]
 [     278.81      416.88]
 [     280.25      415.44]
 [     280.25      380.94]
 [     281.69       379.5]
 [     281.69      366.56]
 [     280.25      365.12]
 [     280.25      360.81]
 [     278.81      359.38]
 [     278.81      357.94]
 [     277.38       356.5]
 [     277.38      355.06]
 [     275.94      353.62]
 [     275.94      347.88]]
