Image_Name: 38d5dba32b7e677866e372fb99dabda8
Class: Eye
Inner Main Points: [(110, 253)]
Mask Points:
[[      96.25      215.62]
 [      96.25      219.94]
 [     94.812      221.38]
 [     94.812      224.25]
 [     91.937      227.12]
 [     87.625      227.12]
 [     87.625      248.69]
 [     91.937      248.69]
 [      96.25         253]
 [      96.25      254.44]
 [     97.687      255.88]
 [     97.687      265.94]
 [      96.25      267.38]
 [      96.25      268.81]
 [     94.812      270.25]
 [     94.812      277.44]
 [     97.687      280.31]
 [     97.687      281.75]
 [     106.31      290.38]
 [     106.31      294.69]
 [     114.94      294.69]
 [     114.94      290.38]
 [     120.69      284.62]
 [     129.31      284.62]
 [     130.75      283.19]
 [     132.19      283.19]
 [     133.62      281.75]
 [     133.62      280.31]
 [     135.06      278.88]
 [     135.06      277.44]
 [      136.5         276]
 [      136.5      274.56]
 [     137.94      273.12]
 [     137.94      271.69]
 [     139.38      270.25]
 [     139.38      242.94]
 [     137.94       241.5]
 [     137.94      237.19]
 [      136.5      235.75]
 [      136.5      231.44]
 [     133.62      228.56]
 [     133.62      227.12]
 [     129.31      222.81]
 [     127.87      222.81]
 [        125      219.94]
 [        125      215.62]]
