Image_Name: 38d5dba32b7e677866e372fb99dabda8
Class: Face
Inner Main Points: [(126, 233)]
Mask Points:
[[     103.44      100.62]
 [     103.44      106.38]
 [        102      107.81]
 [        102      110.69]
 [     94.812      117.88]
 [     93.375      117.88]
 [     89.062      122.19]
 [     87.625      122.19]
 [      84.75      125.06]
 [     83.312      125.06]
 [     74.688      133.69]
 [     74.688      135.12]
 [     68.938      140.88]
 [       67.5      140.88]
 [     66.062      142.31]
 [     64.625      142.31]
 [      61.75      145.19]
 [     60.312      145.19]
 [     57.437      148.06]
 [         56      148.06]
 [     53.125      150.94]
 [     51.687      150.94]
 [      50.25      152.38]
 [     47.375      152.38]
 [     45.938      153.81]
 [     43.062      153.81]
 [     41.625      155.25]
 [     40.188      155.25]
 [     37.312      158.12]
 [     37.312      159.56]
 [     35.875         161]
 [     35.875      162.44]
 [     34.438      163.88]
 [     34.438      165.31]
 [     25.812      173.94]
 [     25.812      175.38]
 [     24.375      176.81]
 [     24.375      179.69]
 [     22.938      181.12]
 [     20.062      181.12]
 [     18.625      182.56]
 [     14.312      182.56]
 [     12.875         184]
 [     11.438         184]
 [     5.6875      189.75]
 [      1.375      189.75]
 [      1.375      238.62]
 [     11.438      238.62]
 [     12.875      240.06]
 [     14.312      240.06]
 [      15.75       241.5]
 [     22.938       241.5]
 [     25.812      244.38]
 [      27.25      244.38]
 [     30.125      247.25]
 [     31.562      247.25]
 [         33      248.69]
 [     34.438      248.69]
 [     37.312      251.56]
 [     37.312         253]
 [       44.5      260.19]
 [       44.5      261.62]
 [     48.812      265.94]
 [     48.812      267.38]
 [      50.25      268.81]
 [      50.25      270.25]
 [     53.125      273.12]
 [     53.125      274.56]
 [     54.562         276]
 [     54.562      277.44]
 [         56      278.88]
 [         56      281.75]
 [     57.437      283.19]
 [     57.437       287.5]
 [     58.875      288.94]
 [     58.875      291.81]
 [     60.312      293.25]
 [     60.312      296.12]
 [     64.625      300.44]
 [     64.625      301.88]
 [       67.5      304.75]
 [       67.5      306.19]
 [     71.812       310.5]
 [     71.812      311.94]
 [     86.187      326.31]
 [     87.625      326.31]
 [        102      340.69]
 [        102      342.12]
 [     103.44      343.56]
 [     103.44      346.44]
 [     114.94      357.94]
 [     116.37      357.94]
 [     117.81      359.38]
 [     119.25      359.38]
 [     120.69      360.81]
 [     122.12      360.81]
 [     123.56      362.25]
 [     127.87      362.25]
 [     129.31      363.69]
 [     130.75      363.69]
 [     132.19      365.12]
 [      136.5      365.12]
 [     137.94      366.56]
 [     149.44      366.56]
 [     150.88      365.12]
 [     152.31      365.12]
 [     153.75      363.69]
 [     155.19      363.69]
 [     158.06      360.81]
 [      159.5      360.81]
 [     160.94      359.38]
 [     160.94      357.94]
 [     163.81      355.06]
 [     163.81      353.62]
 [     168.12      349.31]
 [     169.56      349.31]
 [     172.44      346.44]
 [     173.88      346.44]
 [     176.75      343.56]
 [     181.06      343.56]
 [      182.5         345]
 [     186.81         345]
 [     188.25      346.44]
 [     191.12      346.44]
 [     192.56         345]
 [     192.56      343.56]
 [     195.44      340.69]
 [     195.44      339.25]
 [     196.88      337.81]
 [     196.88      336.38]
 [     201.19      332.06]
 [     202.62      332.06]
 [     204.06      330.62]
 [      205.5      330.62]
 [     206.94      329.19]
 [     208.38      329.19]
 [     209.81      327.75]
 [     212.69      327.75]
 [     214.12      326.31]
 [     215.56      326.31]
 [        217      324.88]
 [     218.44      324.88]
 [     221.31         322]
 [     221.31      320.56]
 [     222.75      319.12]
 [     222.75      317.69]
 [     229.94       310.5]
 [     229.94      309.06]
 [     232.81      306.19]
 [     232.81      303.31]
 [     234.25      301.88]
 [     234.25      300.44]
 [     232.81         299]
 [     232.81      293.25]
 [     231.38      291.81]
 [     231.38      288.94]
 [     225.62      283.19]
 [     224.19      283.19]
 [     221.31      280.31]
 [     219.88      280.31]
 [     218.44      278.88]
 [     218.44      277.44]
 [     215.56      274.56]
 [     215.56      273.12]
 [     212.69      270.25]
 [     212.69      268.81]
 [     211.25      267.38]
 [     211.25      265.94]
 [     209.81       264.5]
 [     209.81      263.06]
 [     206.94      260.19]
 [     206.94      257.31]
 [      205.5      255.88]
 [      205.5      254.44]
 [     204.06         253]
 [     204.06      250.12]
 [     202.62      248.69]
 [     202.62      244.38]
 [     201.19      242.94]
 [     201.19      234.31]
 [     202.62      232.88]
 [     202.62      231.44]
 [     201.19         230]
 [     201.19      225.69]
 [     199.75      224.25]
 [     199.75      221.38]
 [     198.31      219.94]
 [     198.31       218.5]
 [     195.44      215.62]
 [     195.44      214.19]
 [     192.56      211.31]
 [     192.56      209.88]
 [     183.94      201.25]
 [     183.94      199.81]
 [     173.88      189.75]
 [     173.88      188.31]
 [     169.56         184]
 [     169.56      182.56]
 [     165.25      178.25]
 [     165.25      176.81]
 [     155.19      166.75]
 [     155.19      165.31]
 [     152.31      162.44]
 [     152.31         161]
 [     149.44      158.12]
 [     149.44      156.69]
 [        148      155.25]
 [        148      153.81]
 [     146.56      152.38]
 [     146.56      150.94]
 [     145.12       149.5]
 [     145.12      148.06]
 [     143.69      146.62]
 [     143.69      145.19]
 [     142.25      143.75]
 [     142.25      142.31]
 [     140.81      140.88]
 [     140.81      139.44]
 [     139.38         138]
 [     139.38      136.56]
 [     137.94      135.12]
 [     137.94      133.69]
 [     133.62      129.38]
 [     133.62      127.94]
 [     130.75      125.06]
 [     130.75      123.62]
 [     127.87      120.75]
 [     127.87      119.31]
 [        125      116.44]
 [        125         115]
 [     122.12      112.12]
 [     122.12      110.69]
 [     120.69      109.25]
 [     120.69      107.81]
 [     119.25      106.38]
 [     119.25      100.62]]
