Image_Name: 38d5dba32b7e677866e372fb99dabda8
Class: Hair
Inner Main Points: [(251.27489446751468, 181.801511337043), (292.8740778517982, 174.37480647423243), (237.69217396316714, 112.50222616963535), (239.89646937511844, 178.53711895146427), (222.83661576741764, 182.736831548449)]
Mask Points:
[[     162.38           0]
 [     162.38      1.4375]
 [     160.94       2.875]
 [     158.06       2.875]
 [     156.62      4.3125]
 [     153.75      4.3125]
 [     152.31        5.75]
 [     149.44        5.75]
 [        148      7.1875]
 [     142.25      7.1875]
 [     140.81       8.625]
 [     137.94       8.625]
 [      136.5      10.062]
 [     130.75      10.062]
 [     129.31        11.5]
 [        125        11.5]
 [     123.56      12.938]
 [     116.37      12.938]
 [     114.94      14.375]
 [      113.5      14.375]
 [     114.94      15.812]
 [     114.94       17.25]
 [     116.37      18.688]
 [      113.5      21.562]
 [     112.06      21.562]
 [     106.31      27.312]
 [     104.87      27.312]
 [     104.87       28.75]
 [     103.44      30.188]
 [     103.44      31.625]
 [     97.687      37.375]
 [      96.25      37.375]
 [     94.812      38.812]
 [     93.375      38.812]
 [     91.937       40.25]
 [       90.5       40.25]
 [     89.062      41.688]
 [     87.625      41.688]
 [     86.187      43.125]
 [      84.75      43.125]
 [     83.312      44.562]
 [     81.875      44.562]
 [     76.125      50.312]
 [     74.688      50.312]
 [      73.25       51.75]
 [     71.812       51.75]
 [     68.938      54.625]
 [     66.062      54.625]
 [     64.625      56.062]
 [     63.187      56.062]
 [     58.875      60.375]
 [     58.875      61.812]
 [         56      64.688]
 [         56      66.125]
 [     54.562      67.562]
 [     54.562          69]
 [     53.125      70.438]
 [     53.125      71.875]
 [     51.687      73.312]
 [     51.687       74.75]
 [      50.25      76.188]
 [      50.25      77.625]
 [     48.812      79.062]
 [     48.812        80.5]
 [     47.375      81.938]
 [     47.375      83.375]
 [       44.5       86.25]
 [       44.5      87.688]
 [     41.625      90.562]
 [     41.625          92]
 [     40.188      93.438]
 [     40.188      94.875]
 [      38.75      96.312]
 [      38.75       97.75]
 [     37.312      99.188]
 [     37.312      102.06]
 [     35.875       103.5]
 [     35.875      104.94]
 [     34.438      106.38]
 [     34.438      107.81]
 [         33      109.25]
 [         33      110.69]
 [     31.562      112.12]
 [     31.562      116.44]
 [     30.125      117.88]
 [     30.125      120.75]
 [     28.688      122.19]
 [     28.688      125.06]
 [      27.25       126.5]
 [      27.25      133.69]
 [     25.812      135.12]
 [     25.812      156.69]
 [     24.375      158.12]
 [     25.812      159.56]
 [     25.812      169.62]
 [      27.25      171.06]
 [      27.25       172.5]
 [     28.688      173.94]
 [     28.688      175.38]
 [     31.562      178.25]
 [     31.562      179.69]
 [         33      181.12]
 [     34.438      181.12]
 [      38.75      185.44]
 [     40.188      185.44]
 [     41.625      186.88]
 [     45.938      186.88]
 [     47.375      188.31]
 [     48.812      188.31]
 [      50.25      189.75]
 [     51.687      189.75]
 [     53.125      191.19]
 [         56      191.19]
 [     57.437      192.62]
 [     58.875      192.62]
 [      61.75       195.5]
 [     63.187       195.5]
 [     64.625      196.94]
 [     68.938      196.94]
 [     71.812      199.81]
 [      73.25      199.81]
 [     74.688      201.25]
 [     76.125      201.25]
 [     77.562      202.69]
 [     80.437      202.69]
 [      84.75         207]
 [      84.75      208.44]
 [     86.187      208.44]
 [     87.625      209.88]
 [     89.062      209.88]
 [       90.5      211.31]
 [     91.937      211.31]
 [     99.125       218.5]
 [     100.56       218.5]
 [        102      219.94]
 [     103.44      219.94]
 [     104.87      221.38]
 [     106.31      221.38]
 [     107.75      222.81]
 [     109.19      222.81]
 [     110.62      224.25]
 [      113.5      224.25]
 [     114.94      225.69]
 [     116.37      225.69]
 [        125      234.31]
 [     126.44      234.31]
 [     129.31      237.19]
 [     129.31      238.62]
 [     132.19       241.5]
 [     132.19      242.94]
 [     139.38      250.12]
 [     139.38      251.56]
 [     140.81         253]
 [     140.81      254.44]
 [     142.25      255.88]
 [     142.25      257.31]
 [     146.56      261.62]
 [     146.56      263.06]
 [     152.31      268.81]
 [     152.31      270.25]
 [     153.75      271.69]
 [     153.75      274.56]
 [     155.19         276]
 [     155.19      277.44]
 [     156.62      278.88]
 [     158.06      278.88]
 [      159.5      280.31]
 [     160.94      280.31]
 [     165.25      284.62]
 [     165.25      286.06]
 [     166.69       287.5]
 [     168.12       287.5]
 [     178.19      297.56]
 [     181.06      297.56]
 [      182.5         299]
 [     183.94         299]
 [     186.81      301.88]
 [     188.25      301.88]
 [     192.56      306.19]
 [        194      306.19]
 [     198.31       310.5]
 [     199.75       310.5]
 [     202.62      313.38]
 [     206.94      313.38]
 [     208.38      314.81]
 [     211.25      314.81]
 [     212.69      316.25]
 [        217      316.25]
 [     218.44      317.69]
 [     221.31      317.69]
 [     222.75      319.12]
 [     225.62      319.12]
 [     227.06      320.56]
 [     231.38      320.56]
 [     232.81         322]
 [     237.12         322]
 [     238.56      323.44]
 [     244.31      323.44]
 [     245.75      324.88]
 [     280.25      324.88]
 [     281.69      323.44]
 [     291.75      323.44]
 [     293.19         322]
 [     296.06         322]
 [      297.5      320.56]
 [     300.38      320.56]
 [     303.25      317.69]
 [     304.69      317.69]
 [     306.12      316.25]
 [     307.56      316.25]
 [        309      314.81]
 [     310.44      314.81]
 [     311.88      313.38]
 [     314.75      313.38]
 [     316.19      311.94]
 [      320.5      311.94]
 [     321.94       310.5]
 [     326.25       310.5]
 [     327.69      309.06]
 [        332      309.06]
 [     333.44      307.62]
 [     336.31      307.62]
 [     337.75      306.19]
 [     339.19      306.19]
 [     340.62      304.75]
 [      343.5      304.75]
 [     344.94      303.31]
 [     346.38      303.31]
 [     350.69         299]
 [     350.69      297.56]
 [     356.44      291.81]
 [     357.88      291.81]
 [     360.75      288.94]
 [     362.19      288.94]
 [     363.62       287.5]
 [      366.5       287.5]
 [     367.94      286.06]
 [     369.37      286.06]
 [     373.69      281.75]
 [     373.69      280.31]
 [     376.56      277.44]
 [     376.56         276]
 [        378      274.56]
 [        378      273.12]
 [     380.87      270.25]
 [     380.87      268.81]
 [     383.75      265.94]
 [     383.75      263.06]
 [     388.06      258.75]
 [      389.5      258.75]
 [     392.37      255.88]
 [     392.37         253]
 [     393.81      251.56]
 [     393.81      250.12]
 [     395.25      248.69]
 [     395.25      245.81]
 [     396.69      244.38]
 [     396.69      242.94]
 [     398.12       241.5]
 [     398.12      238.62]
 [     399.56      237.19]
 [     399.56      235.75]
 [        401      234.31]
 [        401      231.44]
 [     402.44         230]
 [     402.44      225.69]
 [     405.31      222.81]
 [     405.31      219.94]
 [     406.75       218.5]
 [     406.75      215.62]
 [     409.62      212.75]
 [        411      212.75]
 [        411      73.312]
 [     409.62      73.312]
 [     405.31          69]
 [     405.31      67.562]
 [     403.87      66.125]
 [     403.87      64.688]
 [        401      61.812]
 [        401      60.375]
 [     399.56      58.938]
 [     399.56      56.062]
 [     395.25       51.75]
 [     386.62       51.75]
 [     385.19      50.312]
 [     382.31      50.312]
 [     380.87      48.875]
 [     379.44      48.875]
 [        378      47.438]
 [     376.56      47.438]
 [     373.69      44.562]
 [     369.37      44.562]
 [     367.94      43.125]
 [      366.5      44.562]
 [     360.75      44.562]
 [     359.31      43.125]
 [     353.56      43.125]
 [     352.12      41.688]
 [     349.25      41.688]
 [     347.81       40.25]
 [     342.06       40.25]
 [     340.62      38.812]
 [     336.31      38.812]
 [     334.88      37.375]
 [     330.56      37.375]
 [     329.12      35.938]
 [     327.69      35.938]
 [     324.81      33.062]
 [     323.38      33.062]
 [     321.94      31.625]
 [      320.5      31.625]
 [     319.06      30.188]
 [     317.62      30.188]
 [     316.19       28.75]
 [     314.75       28.75]
 [     311.88      25.875]
 [     310.44      25.875]
 [     307.56          23]
 [     306.12          23]
 [     298.94      15.812]
 [     298.94      14.375]
 [      297.5      12.938]
 [      297.5       8.625]
 [     294.62        5.75]
 [     293.19        5.75]
 [     291.75      4.3125]
 [     290.31      4.3125]
 [     288.88       2.875]
 [        286       2.875]
 [     284.56      1.4375]
 [     284.56           0]]
