Image_Name: 38d5dba32b7e677866e372fb99dabda8
Class: Leg
Inner Main Points: [(231, 769)]
Mask Points:
[[     212.69      692.88]
 [     212.69      697.19]
 [     211.25      698.62]
 [     208.38      698.62]
 [     206.94      700.06]
 [     204.06      700.06]
 [     202.62       701.5]
 [     199.75       701.5]
 [     198.31      702.94]
 [     196.88      702.94]
 [     195.44      704.38]
 [     192.56      704.38]
 [     191.12      705.81]
 [     186.81      705.81]
 [     185.38      707.25]
 [     179.62      707.25]
 [     179.62      734.56]
 [     183.94      734.56]
 [     185.38         736]
 [     185.38      741.75]
 [     186.81      743.19]
 [     186.81      756.12]
 [     188.25      757.56]
 [     188.25      761.88]
 [     189.69      763.31]
 [     189.69      769.06]
 [     191.12       770.5]
 [     191.12      777.69]
 [     192.56      779.12]
 [     192.56      787.75]
 [        194      789.19]
 [        194      802.12]
 [     195.44      803.56]
 [     195.44      810.75]
 [     196.88      812.19]
 [     196.88      819.38]
 [     198.31      820.81]
 [     198.31      823.69]
 [     199.75      825.12]
 [     199.75         828]
 [     201.19      829.44]
 [     201.19      832.31]
 [     202.62      833.75]
 [     202.62      835.19]
 [     206.94       839.5]
 [     221.31       839.5]
 [     222.75      838.06]
 [     231.38      838.06]
 [     232.81      836.62]
 [     245.75      836.62]
 [     247.19      835.19]
 [     248.62      835.19]
 [     250.06      836.62]
 [     257.25      836.62]
 [     258.69      838.06]
 [     273.06      838.06]
 [      274.5      836.62]
 [     275.94      836.62]
 [     278.81      833.75]
 [     278.81      832.31]
 [     280.25      830.88]
 [     280.25      822.25]
 [     278.81      820.81]
 [     278.81      819.38]
 [     277.38      817.94]
 [     277.38       816.5]
 [     275.94      815.06]
 [     275.94      809.31]
 [      274.5      807.88]
 [      274.5      789.19]
 [     273.06      787.75]
 [     273.06      777.69]
 [     271.62      776.25]
 [     271.62      766.19]
 [     270.19      764.75]
 [     270.19      756.12]
 [     268.75      754.69]
 [     268.75       747.5]
 [     267.31      746.06]
 [     267.31      740.31]
 [     265.88      738.88]
 [     265.88      731.69]
 [     264.44      730.25]
 [     264.44      723.06]
 [        263      721.62]
 [        263      715.88]
 [     261.56      714.44]
 [     261.56      707.25]
 [     260.12      705.81]
 [     260.12       701.5]
 [     258.69      700.06]
 [     258.69      698.62]
 [     257.25      697.19]
 [     257.25      692.88]]
