Image_Name: 38d5dba32b7e677866e372fb99dabda8
Class: Neck
Inner Main Points: [(201, 335)]
Mask Points:
[[     191.12      307.62]
 [     191.12      311.94]
 [     189.69      313.38]
 [     185.38      313.38]
 [     179.62      319.12]
 [     173.88      319.12]
 [     172.44      317.69]
 [     168.12      317.69]
 [     168.12      353.62]
 [     175.31      353.62]
 [     176.75      355.06]
 [     179.62      355.06]
 [     181.06       356.5]
 [      182.5       356.5]
 [     183.94      357.94]
 [     186.81      357.94]
 [     188.25      359.38]
 [     188.25      363.69]
 [     198.31      363.69]
 [     198.31      359.38]
 [     199.75      357.94]
 [     202.62      357.94]
 [     204.06       356.5]
 [     208.38       356.5]
 [     209.81      355.06]
 [     212.69      355.06]
 [     214.12      353.62]
 [     218.44      353.62]
 [     219.88      352.19]
 [     222.75      352.19]
 [     224.19      350.75]
 [     225.62      350.75]
 [     227.06      349.31]
 [     229.94      349.31]
 [     232.81      346.44]
 [     234.25      346.44]
 [     234.25         345]
 [     238.56      340.69]
 [     237.12      339.25]
 [     237.12      332.06]
 [     235.69      330.62]
 [     235.69      324.88]
 [     234.25      323.44]
 [     234.25      320.56]
 [     225.62      311.94]
 [     225.62      307.62]]
