Image_Name: 38d5dba32b7e677866e372fb99dabda8
Class: Pants
Inner Main Points: [(229, 743)]
Mask Points:
[[     185.38      692.88]
 [     185.38      794.94]
 [     189.69      794.94]
 [     192.56      797.81]
 [        194      797.81]
 [     195.44      799.25]
 [     201.19      799.25]
 [     202.62      800.69]
 [     227.06      800.69]
 [      228.5      799.25]
 [      251.5      799.25]
 [     252.94      797.81]
 [     264.44      797.81]
 [     265.88      796.38]
 [     267.31      796.38]
 [     268.75      794.94]
 [     270.19      794.94]
 [     271.62       793.5]
 [     275.94       793.5]
 [     275.94      767.62]
 [     271.62      767.62]
 [     270.19      766.19]
 [     270.19      763.31]
 [     268.75      761.88]
 [     268.75      753.25]
 [     267.31      751.81]
 [     267.31      744.62]
 [     265.88      743.19]
 [     265.88         736]
 [     264.44      734.56]
 [     264.44      725.94]
 [        263       724.5]
 [        263         713]
 [     261.56      711.56]
 [     261.56      692.88]]
