Image_Name: 38d5dba32b7e677866e372fb99dabda8
Class: Shoe
Inner Main Points: [(215, 876)]
Mask Points:
[[     145.12      836.62]
 [     145.12      915.69]
 [     204.06      915.69]
 [     204.06      911.38]
 [      205.5      909.94]
 [     214.12      909.94]
 [     215.56       908.5]
 [     242.88       908.5]
 [     244.31      907.06]
 [     254.38      907.06]
 [     255.81      905.62]
 [     267.31      905.62]
 [     268.75      904.19]
 [     277.38      904.19]
 [     278.81      902.75]
 [     281.69      902.75]
 [     283.12      901.31]
 [     284.56      901.31]
 [     287.44      898.44]
 [     293.19      898.44]
 [     293.19      856.75]
 [     288.88      856.75]
 [     287.44      855.31]
 [     287.44      848.12]
 [        286      846.69]
 [        286      836.62]
 [     221.31      836.62]
 [     221.31      840.94]
 [     219.88      842.38]
 [     215.56      842.38]
 [     214.12      843.81]
 [     212.69      843.81]
 [     211.25      842.38]
 [     209.81      842.38]
 [     208.38      840.94]
 [     208.38      836.62]]
