Image_Name: 354c2f6f630c0bb677e25b1712e92f03
Class: Ear
Inner Main Points: [(323.8140062407366, 238.605461159803), (318.4544234944354, 263.09871845733926), (334.3549246762874, 253.70071733807518), (332.55287229275905, 235.16257975757114), (338.622919141748, 257.95340234290995)]
Mask Points:
[[     317.18      224.16]
 [     317.18      229.84]
 [     314.34      232.68]
 [     314.34      234.09]
 [     312.92      235.51]
 [     312.92      236.93]
 [      311.5      238.35]
 [      311.5      239.77]
 [     310.08      241.19]
 [     310.08      244.03]
 [     308.66      245.44]
 [     308.66      246.86]
 [     307.24      248.28]
 [     307.24      251.12]
 [     305.83      252.54]
 [     305.83      259.63]
 [     304.41      261.05]
 [     304.41      266.73]
 [     302.99      268.14]
 [     302.99      270.98]
 [     301.57       272.4]
 [     297.31       272.4]
 [     297.31      297.94]
 [     304.41      297.94]
 [     305.83      296.52]
 [     308.66      296.52]
 [     310.08       295.1]
 [     312.92       295.1]
 [     314.34      293.68]
 [     317.18      293.68]
 [     318.59      292.26]
 [     320.01      292.26]
 [     321.43      290.84]
 [     322.85      290.84]
 [     324.27      289.43]
 [     325.69      289.43]
 [     328.53      286.59]
 [     329.94      286.59]
 [     339.88      276.66]
 [     339.88      275.24]
 [     344.13      270.98]
 [     344.13      269.56]
 [     345.55      268.14]
 [     345.55      265.31]
 [     348.39      262.47]
 [     352.64      262.47]
 [     352.64      235.51]
 [     348.39      235.51]
 [     346.97      234.09]
 [     346.97      232.68]
 [     345.55      231.26]
 [     345.55      224.16]]
