Image_Name: 354c2f6f630c0bb677e25b1712e92f03
Class: Ear
Inner Main Points: [(84.9017813858208, 271.85680194363744), (67.80883003708666, 256.61728628784675), (80.66592847464486, 269.0156395848007), (79.66986654813222, 265.89916570222977), (72.13414498292818, 273.7761723773749)]
Mask Points:
[[     53.288      241.19]
 [     53.288      276.66]
 [     58.963      276.66]
 [     60.381      278.08]
 [     60.381      279.49]
 [     63.219      282.33]
 [     63.219      283.75]
 [     67.475      288.01]
 [     67.475      289.43]
 [     80.244      302.19]
 [     81.663      302.19]
 [     83.081      303.61]
 [       84.5      303.61]
 [     85.919      305.03]
 [     87.338      305.03]
 [     88.756      306.45]
 [     90.175      306.45]
 [     93.013      309.29]
 [     93.013      313.54]
 [     108.62      313.54]
 [     108.62      307.87]
 [      107.2      306.45]
 [      107.2      302.19]
 [     105.78      300.78]
 [     105.78      299.36]
 [     104.36      297.94]
 [     104.36      293.68]
 [     102.94      292.26]
 [     102.94      289.43]
 [     101.53      288.01]
 [     101.53      285.17]
 [     100.11      283.75]
 [     100.11      282.33]
 [     98.688      280.91]
 [     98.688      276.66]
 [     97.269      275.24]
 [     97.269      270.98]
 [      95.85      269.56]
 [      95.85      268.14]
 [     94.431      266.73]
 [     94.431      263.89]
 [     93.013      262.47]
 [     93.013      261.05]
 [     91.594      259.63]
 [     91.594      258.21]
 [     90.175      256.79]
 [     90.175      255.38]
 [     88.756      253.96]
 [     88.756      252.54]
 [     87.338      251.12]
 [     87.338       249.7]
 [     85.919      248.28]
 [     85.919      241.19]]
