Image_Name: 354c2f6f630c0bb677e25b1712e92f03
Class: Eye
Inner Main Points: [(251.47377090695048, 243.46492403572702), (255.05023138901683, 234.6312688349367), (260.4461881393772, 234.81579832579044), (254.3492205862389, 245.442633547883), (246.6033800723511, 229.4940289309303)]
Mask Points:
[[     234.89      207.14]
 [     234.89      258.21]
 [     240.56      258.21]
 [     241.98      259.63]
 [      243.4      259.63]
 [     244.82      261.05]
 [     254.75      261.05]
 [     256.17      259.63]
 [     260.43      259.63]
 [     261.84      258.21]
 [     263.26      258.21]
 [     268.94      252.54]
 [     268.94      251.12]
 [     270.36       249.7]
 [     270.36      248.28]
 [     271.78      246.86]
 [     271.78      244.03]
 [     273.19      242.61]
 [     273.19      241.19]
 [     274.61      239.77]
 [     278.87      239.77]
 [     278.87      222.74]
 [     274.61      222.74]
 [     271.78      219.91]
 [     271.78      217.07]
 [     268.94      214.23]
 [     268.94      212.81]
 [     267.52      211.39]
 [     267.52      207.14]]
