Image_Name: 354c2f6f630c0bb677e25b1712e92f03
Class: Hand
Inner Main Points: [(308.8017602498928, 614.8647962294937), (328.2482395934591, 609.8660414068042), (339.78224315217744, 627.7714911087141), (326.27367328080413, 634.5723432251566), (322.5549303428649, 636.7694332626158)]
Mask Points:
[[     297.31      598.71]
 [     297.31      627.09]
 [     301.57      627.09]
 [     305.83      631.34]
 [     305.83      632.76]
 [     307.24      634.18]
 [     307.24      638.44]
 [     308.66      639.86]
 [     308.66      642.69]
 [     310.08      644.11]
 [      311.5      644.11]
 [     312.92      645.53]
 [     317.18      645.53]
 [     318.59      646.95]
 [     325.69      646.95]
 [     329.94      651.21]
 [     329.94      652.62]
 [     331.36      654.04]
 [     331.36      655.46]
 [     332.78      656.88]
 [      334.2      656.88]
 [     335.62       658.3]
 [     337.04       658.3]
 [     338.46      656.88]
 [     339.88      656.88]
 [     344.13      652.62]
 [     348.39      652.62]
 [     351.23      655.46]
 [     359.74      655.46]
 [     361.16      654.04]
 [     361.16      646.95]
 [     359.74      645.53]
 [     359.74      644.11]
 [     358.32      642.69]
 [     358.32      641.28]
 [      356.9      639.86]
 [      356.9      638.44]
 [     355.48      637.02]
 [     355.48       635.6]
 [     354.06      634.18]
 [     354.06      631.34]
 [     352.64      629.93]
 [     352.64      627.09]
 [     351.23      625.67]
 [     351.23      622.83]
 [     349.81      621.41]
 [     349.81      619.99]
 [     348.39      618.58]
 [     348.39      615.74]
 [     342.71      610.06]
 [     342.71      608.64]
 [     337.04      602.97]
 [     337.04      598.71]]
