Image_Name: 354c2f6f630c0bb677e25b1712e92f03
Class: Hand
Inner Main Points: [(78.71921419279313, 624.0884428994765), (63.4320216433297, 628.2681065887193), (81.83805091079834, 613.159414344842), (73.75658115934127, 608.7891146843533), (76.81146558515985, 603.527900923279)]
Mask Points:
[[     67.475      593.04]
 [     67.475      598.71]
 [     63.219      602.97]
 [     63.219      604.39]
 [     60.381      607.23]
 [     60.381      608.64]
 [     57.544      611.48]
 [     57.544       612.9]
 [     56.125      614.32]
 [     56.125      615.74]
 [     54.706      617.16]
 [     54.706      621.41]
 [     53.288      622.83]
 [     53.288      627.09]
 [     51.869      628.51]
 [     51.869      631.34]
 [      50.45      632.76]
 [      50.45      634.18]
 [     49.031       635.6]
 [     49.031      637.02]
 [     46.194      639.86]
 [     41.938      639.86]
 [     41.938      656.88]
 [     51.869      656.88]
 [     53.288      655.46]
 [     56.125      655.46]
 [     60.381      651.21]
 [       61.8      651.21]
 [     63.219      649.79]
 [     64.638      649.79]
 [     66.056      651.21]
 [     66.056      652.62]
 [     68.894      655.46]
 [     71.731      655.46]
 [      73.15      656.88]
 [     75.988      656.88]
 [     77.406      655.46]
 [     77.406      652.62]
 [     78.825      651.21]
 [     78.825      648.37]
 [     80.244      646.95]
 [     80.244      645.53]
 [       84.5      641.28]
 [     88.756      641.28]
 [     90.175      639.86]
 [     91.594      639.86]
 [     93.013      638.44]
 [     93.013      629.93]
 [     94.431      628.51]
 [     94.431      627.09]
 [     97.269      624.25]
 [     97.269      622.83]
 [     101.53      618.58]
 [     101.53      617.16]
 [     104.36      614.32]
 [     108.62      614.32]
 [     108.62      600.13]
 [     98.688      600.13]
 [     97.269      598.71]
 [     93.013      598.71]
 [     91.594      597.29]
 [     91.594      593.04]]
