Image_Name: 354c2f6f630c0bb677e25b1712e92f03
Class: Leg
Inner Main Points: [(250.96834168683662, 766.9903246537899), (238.20385889496112, 772.5581440525702), (240.40786324420762, 737.5132988710799), (257.5433299224509, 747.4199870325148), (252.35321809980496, 748.645671563671)]
Mask Points:
[[     212.19      689.51]
 [     212.19      742.01]
 [     216.44      742.01]
 [     217.86      743.43]
 [     217.86      747.68]
 [     219.28       749.1]
 [     219.28      760.45]
 [      220.7      761.87]
 [      220.7       771.8]
 [     222.12      773.22]
 [     222.12      784.57]
 [     223.54      785.99]
 [     223.54      788.83]
 [     224.96      790.24]
 [     226.38      790.24]
 [     227.79      791.66]
 [     236.31      791.66]
 [     237.73      793.08]
 [     256.17      793.08]
 [     257.59      791.66]
 [     260.43      791.66]
 [     261.84      790.24]
 [     264.68      790.24]
 [      266.1      788.83]
 [     268.94      788.83]
 [     273.19      784.57]
 [     273.19      777.48]
 [     274.61      776.06]
 [     274.61      763.29]
 [     276.03      761.87]
 [     276.03      732.08]
 [     277.45      730.66]
 [     277.45      689.51]]
