Image_Name: 354c2f6f630c0bb677e25b1712e92f03
Class: Stock
Inner Main Points: [(243.7361402616571, 815.3454503825081), (241.88680688285203, 808.9648523086271), (244.76753254328727, 809.8393417258396), (258.52252947514825, 807.2062712923855), (265.28555071765913, 809.0744224173066)]
Mask Points:
[[     229.21      791.66]
 [     229.21      832.81]
 [     233.47      832.81]
 [     234.89      834.23]
 [     236.31      834.23]
 [     239.14      837.06]
 [     239.14      841.32]
 [     240.56      841.32]
 [     240.56      835.64]
 [      243.4      832.81]
 [      243.4      831.39]
 [     246.24      828.55]
 [     246.24      827.13]
 [     249.08      824.29]
 [     250.49      824.29]
 [     251.91      822.88]
 [     254.75      822.88]
 [     256.17      821.46]
 [     260.43      821.46]
 [     261.84      820.04]
 [     278.87      820.04]
 [     278.87      791.66]]
