1 0.27096089720726013 0.3002309501171112 0.5387484431266785 0.6004619002342224
1 0.7142569422721863 0.44099903106689453 0.31720611453056335 0.2778392732143402
1 0.49572643637657166 0.703469455242157 0.35831043124198914 0.3241996765136719
1 0.3758337199687958 0.4363252818584442 0.6658708453178406 0.6608478426933289
1 0.7561275362968445 0.716442883014679 0.4877450168132782 0.5665702819824219
1 0.3950098156929016 0.10201554745435715 0.23774413764476776 0.2040310949087143
1 0.7175860404968262 0.43678656220436096 0.2785429060459137 0.2763727009296417
1 0.5014836192131042 0.7034661173820496 0.30346670746803284 0.31051045656204224
1 0.5999761819839478 0.24259193241596222 0.20963096618652344 0.2475697547197342
2 0.5 0.5 1 1
