Image_Name: dcd26811af5a100fa5e1463e8eddd977
Class: Eye
Inner Main Points: [(145.8170398008022, 251.25794689405575), (146.22289293830255, 249.27794381994266), (149.74739307021068, 245.44210287827624), (146.26325651087205, 234.21156595122656), (141.20960809161994, 227.03036140616916)]
Mask Points:
[[     132.74      212.81]
 [     132.74      217.07]
 [     131.32      218.49]
 [     127.06      218.49]
 [     127.06      259.63]
 [     131.32      259.63]
 [     134.16      262.47]
 [     134.16      263.89]
 [     139.83      269.56]
 [     139.83      273.82]
 [     155.44      273.82]
 [     155.44      269.56]
 [     161.11      263.89]
 [     161.11      262.47]
 [     162.53      261.05]
 [     162.53      259.63]
 [     163.95      258.21]
 [     163.95      253.96]
 [     165.37      252.54]
 [     165.37      245.44]
 [     166.79      244.03]
 [     171.04      244.03]
 [     171.04      241.19]
 [     166.79      241.19]
 [     165.37      239.77]
 [     165.37      235.51]
 [     163.95      234.09]
 [     163.95      228.42]
 [     162.53         227]
 [     162.53      222.74]
 [     159.69      219.91]
 [     159.69      218.49]
 [     158.28      217.07]
 [     158.28      212.81]]
