Image_Name: dcd26811af5a100fa5e1463e8eddd977
Class: Eye
Inner Main Points: [(246.3016851241972, 245.0472138698917), (260.71053649704214, 240.34245862458818), (264.7650630893793, 230.10119474407335), (245.31285966881558, 247.14123223222697), (248.71569102969306, 226.6544022584597)]
Mask Points:
[[     234.89      207.14]
 [     234.89      258.21]
 [     240.56      258.21]
 [     241.98      259.63]
 [      243.4      259.63]
 [     244.82      261.05]
 [     254.75      261.05]
 [     256.17      259.63]
 [     260.43      259.63]
 [     261.84      258.21]
 [     263.26      258.21]
 [     268.94      252.54]
 [     268.94      251.12]
 [     270.36       249.7]
 [     270.36      248.28]
 [     271.78      246.86]
 [     271.78      244.03]
 [     273.19      242.61]
 [     273.19      241.19]
 [     274.61      239.77]
 [     278.87      239.77]
 [     278.87      222.74]
 [     274.61      222.74]
 [     271.78      219.91]
 [     271.78      217.07]
 [     268.94      214.23]
 [     268.94      212.81]
 [     267.52      211.39]
 [     267.52      207.14]]
