Image_Name: dcd26811af5a100fa5e1463e8eddd977
Class: Leg
Inner Main Points: [(176.3631915764632, 736.3526732690593), (164.77479690399886, 745.6042908286973), (149.39583123583446, 760.7079361617452), (178.6177240733996, 709.5711611467912), (171.71154817929042, 709.6218989440677)]
Mask Points:
[[     138.41      689.51]
 [     138.41      788.83]
 [     144.09      788.83]
 [     145.51      790.24]
 [     146.93      790.24]
 [     148.34      791.66]
 [      152.6      791.66]
 [     154.02      793.08]
 [     173.88      793.08]
 [      175.3      791.66]
 [     179.56      791.66]
 [     180.98      790.24]
 [     185.23      790.24]
 [     186.65      788.83]
 [     188.07      788.83]
 [     188.07      787.41]
 [     189.49      785.99]
 [     189.49      781.73]
 [     190.91      780.31]
 [     190.91      773.22]
 [     192.33       771.8]
 [     192.33      761.87]
 [     193.74      760.45]
 [     193.74      754.78]
 [     195.16      753.36]
 [     199.42      753.36]
 [     199.42      689.51]
 [     166.79      689.51]
 [     166.79      693.77]
 [     165.37      695.19]
 [     159.69      695.19]
 [     158.28      693.77]
 [     158.28      689.51]]
