Image_Name: dcd26811af5a100fa5e1463e8eddd977
Class: Stock
Inner Main Points: [(171.82617160436266, 822.7266764891534), (174.01367682233172, 804.8729248366164), (171.8097904296376, 804.4062837822736), (167.14747636591642, 808.1411385678608), (176.14970701914513, 815.3554490116795)]
Mask Points:
[[     138.41      791.66]
 [     138.41      815.78]
 [     145.51      815.78]
 [     146.93       817.2]
 [     148.34       817.2]
 [     151.18      820.04]
 [      152.6      820.04]
 [     158.28      825.71]
 [     158.28      827.13]
 [     159.69      828.55]
 [     159.69      829.97]
 [     161.11      831.39]
 [     161.11      832.81]
 [     165.37      837.06]
 [     165.37      841.32]
 [     169.62      841.32]
 [     169.62      837.06]
 [     171.04      835.64]
 [     172.46      835.64]
 [      175.3      832.81]
 [     176.72      832.81]
 [     183.81      825.71]
 [     183.81      824.29]
 [     185.23      822.88]
 [     185.23      821.46]
 [     186.65      820.04]
 [     186.65      811.53]
 [     188.07      810.11]
 [     188.07      791.66]]
