Image_Name: dcd26811af5a100fa5e1463e8eddd977
Class: Stock
Inner Main Points: [(243.587001438445, 809.5985785540588), (262.40310673834995, 803.3088321946801), (267.4633077080399, 808.3612381343289), (245.1549562583781, 811.3018843070085), (244.41015041342135, 807.1265633093018)]
Mask Points:
[[     229.21      791.66]
 [     229.21      832.81]
 [     233.47      832.81]
 [     234.89      834.23]
 [     236.31      834.23]
 [     239.14      837.06]
 [     239.14      841.32]
 [     240.56      841.32]
 [     240.56      835.64]
 [      243.4      832.81]
 [      243.4      831.39]
 [     246.24      828.55]
 [     246.24      827.13]
 [     249.08      824.29]
 [     250.49      824.29]
 [     251.91      822.88]
 [     254.75      822.88]
 [     256.17      821.46]
 [     260.43      821.46]
 [     261.84      820.04]
 [     278.87      820.04]
 [     278.87      791.66]]
