Image_Name: adaaff49bada59e7230a65135f356fc4
Class: Eye
Inner Main Points: [(110.24867571360966, 229.12580907958485), (109.60699389307841, 227.19663238638947), (112.7730579854176, 229.1563143407558), (110.5462880540553, 234.95461066657876), (112.22505924852969, 230.57760600362423)]
Mask Points:
[[     97.366      189.53]
 [     97.366      240.35]
 [     101.49      240.35]
 [     106.98      245.85]
 [      111.1      245.85]
 [     112.47      247.22]
 [     113.85      245.85]
 [     115.22      245.85]
 [     116.59      244.47]
 [     116.59       243.1]
 [     119.34      240.35]
 [     123.46      240.35]
 [     123.46      219.75]
 [     119.34      219.75]
 [     117.97      218.38]
 [     117.97      215.63]
 [     116.59      214.26]
 [     116.59      207.39]
 [     115.22      206.02]
 [     115.22       201.9]
 [     113.85      200.52]
 [     113.85      197.77]
 [     112.47       196.4]
 [     112.47      189.53]]
