Image_Name: adaaff49bada59e7230a65135f356fc4
Class: Upper_clothes
Inner Main Points: [(228.72386846470823, 557.4691960277753), (210.19261735618556, 558.4886625039258), (195.38165896329238, 446.30555885410564), (174.0603914622022, 487.2935404787084), (148.477964666361, 478.49565135446255)]
Mask Points:
[[      172.9      326.88]
 [      172.9         331]
 [     161.92      341.99]
 [     161.92      343.36]
 [     160.54      344.73]
 [     160.54      346.11]
 [      157.8      348.85]
 [      157.8      350.23]
 [     156.42       351.6]
 [     156.42      352.97]
 [     153.68      355.72]
 [     153.68      357.09]
 [     150.93      359.84]
 [     150.93      362.59]
 [     149.56      363.96]
 [     149.56      365.33]
 [     148.18      366.71]
 [     148.18      369.45]
 [     146.81      370.83]
 [     146.81      373.57]
 [     145.44      374.95]
 [     145.44       377.7]
 [     144.06      379.07]
 [     144.06      380.44]
 [     142.69      381.82]
 [     142.69      383.19]
 [     141.32      384.56]
 [     141.32      387.31]
 [     139.94      388.68]
 [     139.94      391.43]
 [     138.57       392.8]
 [     138.57      394.18]
 [      137.2      395.55]
 [      137.2      396.92]
 [     135.82       398.3]
 [     135.82      403.79]
 [     134.45      405.16]
 [     134.45      410.66]
 [     133.07      412.03]
 [     133.07      414.78]
 [      131.7      416.15]
 [      131.7      417.52]
 [     130.33       418.9]
 [     130.33      425.77]
 [     128.95      427.14]
 [     128.95      432.63]
 [     127.58      434.01]
 [     127.58      438.13]
 [     126.21       439.5]
 [     126.21      440.87]
 [     124.83      442.25]
 [     124.83      449.11]
 [     123.46      450.49]
 [     123.46      455.98]
 [     122.09      457.35]
 [     122.09       460.1]
 [     120.71      461.48]
 [     120.71      462.85]
 [     119.34      464.22]
 [     119.34      472.46]
 [     117.97      473.84]
 [     117.97       480.7]
 [     116.59      482.08]
 [     116.59      484.82]
 [     115.22       486.2]
 [     115.22      490.32]
 [     113.85      491.69]
 [     113.85      493.06]
 [     112.47      494.44]
 [     108.35      494.44]
 [     108.35      558.99]
 [     112.47      558.99]
 [     113.85      560.36]
 [     113.85      561.74]
 [     115.22      563.11]
 [     115.22      567.23]
 [     116.59       568.6]
 [     116.59      569.98]
 [     117.97      571.35]
 [     117.97      572.72]
 [      131.7      572.72]
 [     133.07       574.1]
 [     144.06       574.1]
 [     145.44      575.47]
 [     146.81      575.47]
 [     148.18      576.84]
 [     150.93      576.84]
 [      152.3      578.22]
 [     153.68      578.22]
 [     155.05      579.59]
 [     155.05      583.71]
 [     192.13      583.71]
 [     192.13      579.59]
 [     194.88      576.84]
 [     196.25      576.84]
 [     200.37      572.72]
 [     201.75      572.72]
 [     203.12      571.35]
 [     215.48      571.35]
 [     216.85      569.98]
 [     227.84      569.98]
 [     229.22       568.6]
 [     237.46       568.6]
 [     238.83      567.23]
 [      245.7      567.23]
 [     252.56      560.36]
 [     252.56      558.99]
 [     255.31      556.24]
 [     255.31      554.87]
 [     256.68       553.5]
 [     256.68      552.12]
 [     258.06      550.75]
 [     258.06      549.38]
 [     259.43         548]
 [     259.43      546.63]
 [      260.8      545.25]
 [      260.8      541.13]
 [     262.18      539.76]
 [      266.3      539.76]
 [      266.3      528.77]
 [     262.18      528.77]
 [      260.8       527.4]
 [      260.8      523.28]
 [     259.43      521.91]
 [     259.43      516.41]
 [     258.06      515.04]
 [     258.06      512.29]
 [     256.68      510.92]
 [     256.68      505.42]
 [     255.31      504.05]
 [     255.31      497.18]
 [     253.94      495.81]
 [     253.94      490.32]
 [     252.56      488.94]
 [     252.56      484.82]
 [     251.19      483.45]
 [     251.19      476.58]
 [     249.82      475.21]
 [     249.82      458.73]
 [     248.44      457.35]
 [     248.44      450.49]
 [     247.07      449.11]
 [     247.07      442.25]
 [      245.7      440.87]
 [      245.7      429.89]
 [     244.32      428.51]
 [     244.32      420.27]
 [     242.95       418.9]
 [     242.95      414.78]
 [     241.58       413.4]
 [     241.58      406.54]
 [      240.2      405.16]
 [      240.2      395.55]
 [     238.83      394.18]
 [     238.83      384.56]
 [     237.46      383.19]
 [     237.46      379.07]
 [     236.08       377.7]
 [     236.08      373.57]
 [     234.71       372.2]
 [     234.71      363.96]
 [     233.34      362.59]
 [     233.34      350.23]
 [     231.96      348.85]
 [     231.96      341.99]
 [     230.59      340.61]
 [     230.59      337.87]
 [     229.22      336.49]
 [     229.22      333.75]
 [     226.47         331]
 [     226.47      326.88]]
