Image_Name: 556f4347bf7072d8eaaf32fd2dd2d82f
Class: Ear
Inner Main Points: [(1668.538296708256, 440.2245812832786), (1680.0092082028448, 425.30626036608817), (1667.982331013979, 494.895155330478), (1656.3929126352707, 429.15812490604446), (1659.7858618019904, 460.0335604016829)]
Mask Points:
[[       1638         414]
 [       1638         507]
 [       1680         507]
 [       1680         495]
 [       1683         492]
 [       1686         492]
 [       1692         486]
 [       1692         483]
 [       1698         477]
 [       1698         474]
 [       1701         471]
 [       1701         462]
 [       1704         459]
 [       1704         441]
 [       1701         438]
 [       1701         432]
 [       1698         429]
 [       1698         426]
 [       1695         423]
 [       1695         414]]
