Image_Name: 556f4347bf7072d8eaaf32fd2dd2d82f
Class: Face
Inner Main Points: [(1370.6960795350765, 461.41437300602297), (1556.1172006145216, 534.8160691655396), (1471.1689805434453, 391.16511441797184), (1385.3658950269896, 413.7537442950867), (1444.1525103085744, 465.6201517236614)]
Mask Points:
[[       1392         318]
 [       1392         354]
 [       1389         357]
 [       1389         372]
 [       1386         375]
 [       1386         378]
 [       1383         381]
 [       1383         384]
 [       1377         390]
 [       1374         390]
 [       1368         396]
 [       1365         396]
 [       1356         405]
 [       1353         405]
 [       1338         420]
 [       1326         420]
 [       1326         492]
 [       1338         492]
 [       1341         495]
 [       1344         495]
 [       1347         498]
 [       1350         498]
 [       1350         495]
 [       1353         492]
 [       1356         492]
 [       1362         486]
 [       1365         486]
 [       1368         483]
 [       1374         483]
 [       1377         486]
 [       1383         486]
 [       1389         492]
 [       1392         492]
 [       1401         501]
 [       1404         501]
 [       1407         504]
 [       1413         504]
 [       1416         507]
 [       1419         507]
 [       1428         516]
 [       1431         516]
 [       1434         519]
 [       1434         528]
 [       1437         531]
 [       1437         555]
 [       1578         555]
 [       1578         546]
 [       1581         543]
 [       1584         543]
 [       1587         540]
 [       1590         540]
 [       1593         537]
 [       1596         537]
 [       1599         534]
 [       1602         534]
 [       1605         531]
 [       1608         531]
 [       1611         528]
 [       1614         528]
 [       1617         525]
 [       1620         525]
 [       1623         522]
 [       1626         522]
 [       1632         516]
 [       1635         516]
 [       1641         510]
 [       1644         510]
 [       1644         507]
 [       1641         504]
 [       1641         501]
 [       1623         483]
 [       1623         474]
 [       1617         468]
 [       1617         453]
 [       1614         450]
 [       1614         444]
 [       1617         441]
 [       1617         423]
 [       1614         420]
 [       1614         378]
 [       1611         375]
 [       1611         369]
 [       1608         369]
 [       1605         366]
 [       1584         366]
 [       1581         363]
 [       1578         363]
 [       1575         360]
 [       1572         360]
 [       1554         342]
 [       1554         339]
 [       1551         339]
 [       1548         342]
 [       1542         342]
 [       1539         345]
 [       1536         345]
 [       1533         348]
 [       1527         348]
 [       1524         351]
 [       1509         351]
 [       1506         348]
 [       1500         348]
 [       1497         345]
 [       1494         345]
 [       1482         333]
 [       1482         330]
 [       1479         327]
 [       1479         318]
 [       1461         318]
 [       1461         327]
 [       1455         333]
 [       1449         333]
 [       1446         336]
 [       1431         336]
 [       1422         327]
 [       1422         318]]
