Image_Name: 556f4347bf7072d8eaaf32fd2dd2d82f
Class: Leg
Inner Main Points: [(1673.3416428362634, 809.4293790422523), (1539.8540202532517, 796.8235453723314), (1551.3055724715819, 895.1287090127541), (1682.4568191507426, 842.1554775871372), (1698.1775684480524, 792.2816710295273)]
Mask Points:
[[       1530         762]
 [       1530         771]
 [       1527         774]
 [       1527         780]
 [       1524         783]
 [       1524         786]
 [       1521         789]
 [       1521         792]
 [       1515         798]
 [       1506         798]
 [       1506         930]
 [       1515         930]
 [       1518         933]
 [       1527         933]
 [       1530         936]
 [       1536         936]
 [       1539         939]
 [       1554         939]
 [       1557         942]
 [       1581         942]
 [       1584         939]
 [       1590         939]
 [       1593         936]
 [       1593         933]
 [       1596         930]
 [       1596         927]
 [       1599         924]
 [       1599         915]
 [       1602         912]
 [       1602         906]
 [       1605         903]
 [       1605         897]
 [       1608         894]
 [       1608         891]
 [       1611         888]
 [       1611         885]
 [       1614         882]
 [       1614         879]
 [       1617         876]
 [       1617         873]
 [       1620         870]
 [       1620         867]
 [       1626         861]
 [       1626         858]
 [       1635         849]
 [       1638         849]
 [       1650         861]
 [       1650         864]
 [       1656         870]
 [       1656         873]
 [       1662         879]
 [       1662         882]
 [       1665         882]
 [       1671         888]
 [       1671         891]
 [       1674         894]
 [       1677         894]
 [       1689         906]
 [       1692         906]
 [       1704         918]
 [       1707         918]
 [       1710         921]
 [       1713         921]
 [       1722         930]
 [       1728         930]
 [       1731         933]
 [       1734         933]
 [       1743         942]
 [       1752         942]
 [       1755         945]
 [       1758         945]
 [       1761         942]
 [       1764         942]
 [       1767         939]
 [       1770         939]
 [       1773         936]
 [       1776         936]
 [       1779         933]
 [       1782         933]
 [       1785         930]
 [       1788         930]
 [       1809         909]
 [       1809         894]
 [       1806         891]
 [       1806         888]
 [       1797         879]
 [       1797         876]
 [       1782         861]
 [       1782         858]
 [       1779         855]
 [       1779         852]
 [       1776         849]
 [       1776         846]
 [       1773         843]
 [       1773         840]
 [       1770         837]
 [       1770         831]
 [       1767         828]
 [       1767         813]
 [       1764         810]
 [       1764         795]
 [       1761         792]
 [       1761         780]
 [       1758         777]
 [       1758         762]
 [       1716         762]
 [       1716         771]
 [       1713         774]
 [       1707         774]
 [       1704         777]
 [       1695         777]
 [       1692         780]
 [       1689         780]
 [       1686         783]
 [       1677         783]
 [       1674         786]
 [       1665         786]
 [       1662         789]
 [       1596         789]
 [       1593         786]
 [       1584         786]
 [       1581         783]
 [       1578         783]
 [       1575         780]
 [       1572         780]
 [       1569         777]
 [       1563         777]
 [       1557         771]
 [       1557         762]]
