Image_Name: 556f4347bf7072d8eaaf32fd2dd2d82f
Class: Lower_clothes
Inner Main Points: [(1757.9531335932747, 873.7052516605319), (1730.49106646313, 841.4636082489673), (1537.9529446849706, 908.4286624874826), (1602.8943119183118, 806.3323326944287), (1752.1127878638188, 920.7212918149914)]
Mask Points:
[[       1527         762]
 [       1527         771]
 [       1524         774]
 [       1524         777]
 [       1521         780]
 [       1521         786]
 [       1518         789]
 [       1518         792]
 [       1515         795]
 [       1506         795]
 [       1506         930]
 [       1518         930]
 [       1521         933]
 [       1530         933]
 [       1533         936]
 [       1539         936]
 [       1542         939]
 [       1560         939]
 [       1563         942]
 [       1587         942]
 [       1599         930]
 [       1599         921]
 [       1602         918]
 [       1602         909]
 [       1605         906]
 [       1605         900]
 [       1608         897]
 [       1608         894]
 [       1611         891]
 [       1611         885]
 [       1614         882]
 [       1614         879]
 [       1617         876]
 [       1617         873]
 [       1620         870]
 [       1620         867]
 [       1626         861]
 [       1626         858]
 [       1632         852]
 [       1632         849]
 [       1635         846]
 [       1638         846]
 [       1647         855]
 [       1647         858]
 [       1656         867]
 [       1656         870]
 [       1659         873]
 [       1659         876]
 [       1686         903]
 [       1689         903]
 [       1704         918]
 [       1707         918]
 [       1710         921]
 [       1713         921]
 [       1722         930]
 [       1728         930]
 [       1731         933]
 [       1734         933]
 [       1743         942]
 [       1758         942]
 [       1761         939]
 [       1764         939]
 [       1770         933]
 [       1773         933]
 [       1776         930]
 [       1782         930]
 [       1806         906]
 [       1806         894]
 [       1803         891]
 [       1803         888]
 [       1797         882]
 [       1797         879]
 [       1788         870]
 [       1788         867]
 [       1779         858]
 [       1779         855]
 [       1776         852]
 [       1776         849]
 [       1773         846]
 [       1773         843]
 [       1770         840]
 [       1770         834]
 [       1767         831]
 [       1767         816]
 [       1764         813]
 [       1764         798]
 [       1761         795]
 [       1761         780]
 [       1758         777]
 [       1758         762]
 [       1722         762]
 [       1722         771]
 [       1719         774]
 [       1713         774]
 [       1710         777]
 [       1704         777]
 [       1701         780]
 [       1695         780]
 [       1692         783]
 [       1683         783]
 [       1680         786]
 [       1674         786]
 [       1671         789]
 [       1665         789]
 [       1662         792]
 [       1608         792]
 [       1605         789]
 [       1590         789]
 [       1587         786]
 [       1581         786]
 [       1578         783]
 [       1572         783]
 [       1569         780]
 [       1566         780]
 [       1563         777]
 [       1560         777]
 [       1554         771]
 [       1554         762]]
