Image_Name: 556f4347bf7072d8eaaf32fd2dd2d82f
Class: Shoe
Inner Main Points: [(1562.399563658224, 963.3843985242851), (1532.0560785307512, 961.1339617248847), (1512.8605139672152, 958.5665104235512), (1497.661286016495, 953.1736893526004), (1517.0897067555663, 957.1429677953223)]
Mask Points:
[[       1482         942]
 [       1482         975]
 [       1575         975]
 [       1575         966]
 [       1581         960]
 [       1584         960]
 [       1587         957]
 [       1599         957]
 [       1599         942]]
