Image_Name: ca26bfd0a0f7da480a5ea5dfcf8f0c45
Class: Clothes
Inner Main Points: [(175, 455)]
Mask Points:
[[     112.47      332.37]
 [     112.47      336.49]
 [     108.35      340.61]
 [     102.86      340.61]
 [     102.86      578.22]
 [     212.73      578.22]
 [     212.73       574.1]
 [     214.11      572.72]
 [     215.48      572.72]
 [     216.85      571.35]
 [     222.35      571.35]
 [     223.72      569.98]
 [     227.84      569.98]
 [     229.22       568.6]
 [     236.08       568.6]
 [     237.46      567.23]
 [     253.94      567.23]
 [     255.31      565.86]
 [     258.06      565.86]
 [     262.18      561.74]
 [      266.3      561.74]
 [      266.3      545.25]
 [     262.18      545.25]
 [      260.8      543.88]
 [      260.8      487.57]
 [     259.43       486.2]
 [     259.43      457.35]
 [     258.06      455.98]
 [     258.06      449.11]
 [     256.68      447.74]
 [     256.68      443.62]
 [     255.31      442.25]
 [     255.31      431.26]
 [     253.94      429.89]
 [     253.94      420.27]
 [     252.56       418.9]
 [     252.56      410.66]
 [     251.19      409.28]
 [     251.19      402.42]
 [     249.82      401.04]
 [     249.82      390.06]
 [     248.44      388.68]
 [     248.44       377.7]
 [     247.07      376.32]
 [     247.07      370.83]
 [     248.44      369.45]
 [     248.44      357.09]
 [     249.82      355.72]
 [     249.82      350.23]
 [     248.44      348.85]
 [     248.44      332.37]]
