Image_Name: ca26bfd0a0f7da480a5ea5dfcf8f0c45
Class: Face
Inner Main Points: [(157, 216)]
Mask Points:
[[     120.71      90.647]
 [     120.71      94.767]
 [     113.85      101.63]
 [     112.47      101.63]
 [      111.1      103.01]
 [     109.73      103.01]
 [     108.35      104.38]
 [     105.61      104.38]
 [     104.23      105.75]
 [     102.86      105.75]
 [     101.49      107.13]
 [     100.11      107.13]
 [     98.739       108.5]
 [     97.366       108.5]
 [     95.992      109.88]
 [     91.872      109.88]
 [     90.498      111.25]
 [     89.125      111.25]
 [     85.005      115.37]
 [     83.631      115.37]
 [     75.391      123.61]
 [     75.391      124.98]
 [     56.162      144.21]
 [     56.162      145.58]
 [     54.789      146.96]
 [     54.789      148.33]
 [     53.416       149.7]
 [     53.416      151.08]
 [     49.295       155.2]
 [     49.295      156.57]
 [     47.922      157.95]
 [     47.922      159.32]
 [     42.428      164.81]
 [     41.055      164.81]
 [     41.055      166.19]
 [     39.681      167.56]
 [     39.681      168.93]
 [     38.308      170.31]
 [     38.308      171.68]
 [     36.934      173.05]
 [     36.934      174.43]
 [     34.188      177.17]
 [     34.188      178.55]
 [     32.814      179.92]
 [     32.814      182.67]
 [     31.441      184.04]
 [     31.441      185.41]
 [     30.067      186.79]
 [     30.067      188.16]
 [     28.694      189.53]
 [     28.694      197.77]
 [      27.32      199.15]
 [      27.32       201.9]
 [     28.694      203.27]
 [     28.694      211.51]
 [     30.067      212.88]
 [     30.067      214.26]
 [     31.441      215.63]
 [     31.441      218.38]
 [     32.814      219.75]
 [     32.814      221.12]
 [     36.934      225.24]
 [     36.934      226.62]
 [     38.308      227.99]
 [     38.308      229.36]
 [     39.681      230.74]
 [     39.681      232.11]
 [     41.055      233.48]
 [     41.055      234.86]
 [     45.175      238.98]
 [     45.175      240.35]
 [     47.922       243.1]
 [     47.922      244.47]
 [     50.669      247.22]
 [     50.669      248.59]
 [     53.416      251.34]
 [     53.416      252.71]
 [     54.789      254.09]
 [     54.789      255.46]
 [     56.162      256.83]
 [     56.162      259.58]
 [     57.536      260.95]
 [     57.536      265.07]
 [     58.909      266.45]
 [     58.909      273.31]
 [     60.283      274.69]
 [     60.283      276.06]
 [     61.656      277.43]
 [     61.656      280.18]
 [     64.403      282.93]
 [     64.403       284.3]
 [      67.15      287.05]
 [      67.15      288.42]
 [     72.644      293.92]
 [     72.644      295.29]
 [     83.631      306.28]
 [     85.005      306.28]
 [     90.498      311.77]
 [     91.872      311.77]
 [     95.992      315.89]
 [     97.366      315.89]
 [      111.1      329.62]
 [     112.47      329.62]
 [     115.22      332.37]
 [     116.59      332.37]
 [     119.34      335.12]
 [     120.71      335.12]
 [     127.58      341.99]
 [     128.95      341.99]
 [     130.33      343.36]
 [      131.7      343.36]
 [     133.07      344.73]
 [      137.2      344.73]
 [     138.57      346.11]
 [     139.94      346.11]
 [     141.32      344.73]
 [     145.44      344.73]
 [     148.18      341.99]
 [     149.56      341.99]
 [      152.3      339.24]
 [     153.68      339.24]
 [     156.42      336.49]
 [      157.8      336.49]
 [     160.54      333.75]
 [     161.92      333.75]
 [     163.29      332.37]
 [     171.53      332.37]
 [      172.9      333.75]
 [     174.28      333.75]
 [     175.65      335.12]
 [     175.65      336.49]
 [     177.02      336.49]
 [     179.77      339.24]
 [     182.52      339.24]
 [     183.89      340.61]
 [     189.39      340.61]
 [     190.76      341.99]
 [     193.51      341.99]
 [     194.88      340.61]
 [     201.75      340.61]
 [     204.49      337.87]
 [     205.87      337.87]
 [     205.87      335.12]
 [     204.49      333.75]
 [     204.49      332.37]
 [     203.12         331]
 [     203.12      329.62]
 [     201.75      328.25]
 [     201.75      322.76]
 [     203.12      321.38]
 [     203.12      315.89]
 [     204.49      314.52]
 [     204.49       310.4]
 [     205.87      309.02]
 [     205.87      307.65]
 [     211.36      302.16]
 [     212.73      302.16]
 [     215.48      299.41]
 [     216.85      299.41]
 [      225.1      291.17]
 [      225.1       289.8]
 [     227.84      287.05]
 [     227.84      285.67]
 [     233.34      280.18]
 [     233.34      278.81]
 [     234.71      277.43]
 [     234.71      274.69]
 [     236.08      273.31]
 [     236.08      266.45]
 [     237.46      265.07]
 [     237.46      255.46]
 [     230.59      248.59]
 [     230.59      247.22]
 [     226.47       243.1]
 [     226.47      241.72]
 [     223.72      238.98]
 [     223.72       237.6]
 [     211.36      225.24]
 [     208.61      225.24]
 [     207.24      223.87]
 [     204.49      223.87]
 [     201.75      221.12]
 [     201.75      207.39]
 [     203.12      206.02]
 [     203.12      203.27]
 [     204.49       201.9]
 [     204.49      193.65]
 [     201.75      190.91]
 [     200.37      190.91]
 [     197.63      188.16]
 [     196.25      188.16]
 [     193.51      185.41]
 [     193.51      184.04]
 [     192.13      182.67]
 [     192.13      181.29]
 [     189.39      178.55]
 [     189.39      177.17]
 [     188.01       175.8]
 [     188.01      174.43]
 [     186.64      173.05]
 [     186.64      171.68]
 [     185.27      170.31]
 [     185.27      167.56]
 [     182.52      164.81]
 [     182.52      163.44]
 [     179.77      160.69]
 [     179.77      159.32]
 [      178.4      157.95]
 [      178.4      156.57]
 [     175.65      153.82]
 [     175.65      152.45]
 [     171.53      148.33]
 [     171.53      146.96]
 [     168.78      144.21]
 [     168.78      142.84]
 [     166.04      140.09]
 [     166.04      138.72]
 [     164.66      137.34]
 [     164.66      135.97]
 [     161.92      133.22]
 [     161.92      131.85]
 [     160.54      130.48]
 [     160.54       129.1]
 [     155.05      123.61]
 [     155.05      122.24]
 [     150.93      118.12]
 [     150.93      116.74]
 [     148.18         114]
 [     148.18      112.62]
 [     141.32      105.75]
 [     141.32      104.38]
 [     138.57      101.63]
 [     138.57      100.26]
 [      137.2      98.887]
 [      137.2      97.514]
 [     135.82      96.141]
 [     135.82      90.647]]
