Image_Name: ca26bfd0a0f7da480a5ea5dfcf8f0c45
Class: Hair
Inner Main Points: [(191.7709654436238, 106.06661172419658), (206.1737668176639, 107.46213679834207), (201.35793181316657, 113.39282426142441), (229.16773975076848, 124.25476034419596), (211.1224756861585, 108.52284882196064)]
Mask Points:
[[     69.897      2.7469]
 [     69.897      9.6141]
 [     68.523      10.988]
 [     68.523      13.734]
 [     69.897      15.108]
 [     69.897      23.348]
 [     65.777      27.469]
 [     65.777      28.842]
 [     53.416      41.203]
 [     53.416      42.577]
 [     50.669      45.323]
 [     50.669      46.697]
 [     47.922      49.444]
 [     47.922      50.817]
 [     46.548      52.191]
 [     46.548      53.564]
 [     45.175      54.938]
 [     45.175      57.684]
 [     43.802      59.058]
 [     43.802      78.286]
 [     45.175      79.659]
 [     45.175        87.9]
 [     43.802      89.273]
 [     43.802      94.767]
 [     42.428      96.141]
 [     42.428      101.63]
 [     41.055      103.01]
 [     41.055      105.75]
 [     39.681      107.13]
 [     39.681      112.62]
 [     38.308         114]
 [     38.308      118.12]
 [     36.934      119.49]
 [     36.934      124.98]
 [     35.561      126.36]
 [     35.561       155.2]
 [     36.934      156.57]
 [     36.934      163.44]
 [     38.308      164.81]
 [     38.308      167.56]
 [     39.681      168.93]
 [     39.681      171.68]
 [     41.055      173.05]
 [     41.055      174.43]
 [     43.802      177.17]
 [     45.175      177.17]
 [     46.548      178.55]
 [     52.042      178.55]
 [     53.416      179.92]
 [     76.764      179.92]
 [     78.137      178.55]
 [     85.005      178.55]
 [     86.378      179.92]
 [     91.872      179.92]
 [     93.245      181.29]
 [     94.619      181.29]
 [     95.992      182.67]
 [     98.739      182.67]
 [     100.11      184.04]
 [     113.85      184.04]
 [     115.22      185.41]
 [     116.59      185.41]
 [     117.97      186.79]
 [     119.34      186.79]
 [     122.09      189.53]
 [     122.09      190.91]
 [     124.83      193.65]
 [     124.83      195.03]
 [     126.21       196.4]
 [     126.21       201.9]
 [     127.58      203.27]
 [     127.58      210.14]
 [     128.95      211.51]
 [     128.95      212.88]
 [     130.33      214.26]
 [     130.33      215.63]
 [     133.07      218.38]
 [     133.07      219.75]
 [     135.82       222.5]
 [     135.82      223.87]
 [      137.2      225.24]
 [      137.2      226.62]
 [     139.94      229.36]
 [     139.94      230.74]
 [     141.32      232.11]
 [     142.69      232.11]
 [     145.44      234.86]
 [     146.81      234.86]
 [     149.56       237.6]
 [     150.93       237.6]
 [     153.68      240.35]
 [     155.05      240.35]
 [     156.42      241.72]
 [      157.8      241.72]
 [     160.54      244.47]
 [     161.92      244.47]
 [     163.29      245.85]
 [     166.04      245.85]
 [     167.41      247.22]
 [     168.78      247.22]
 [      172.9      251.34]
 [     174.28      251.34]
 [      178.4      255.46]
 [      178.4      262.33]
 [     179.77       263.7]
 [     179.77      265.07]
 [      178.4      266.45]
 [      178.4      267.82]
 [     175.65      270.57]
 [     175.65      277.43]
 [     174.28      278.81]
 [     174.28      282.93]
 [     175.65       284.3]
 [     177.02       284.3]
 [      178.4      285.67]
 [     182.52      285.67]
 [     183.89      287.05]
 [     190.76      287.05]
 [     192.13      288.42]
 [     193.51      288.42]
 [        199      293.92]
 [        199      295.29]
 [     201.75      298.04]
 [     201.75      303.53]
 [     200.37       304.9]
 [     200.37       310.4]
 [     201.75       310.4]
 [     203.12      311.77]
 [     204.49      311.77]
 [     205.87      313.14]
 [     209.99      313.14]
 [     211.36      311.77]
 [     212.73      311.77]
 [     214.11       310.4]
 [     215.48       310.4]
 [      219.6      306.28]
 [     220.97      306.28]
 [     222.35       304.9]
 [     227.84       304.9]
 [     231.96      309.02]
 [     233.34      309.02]
 [     234.71       310.4]
 [     237.46       310.4]
 [     238.83      311.77]
 [     249.82      311.77]
 [     251.19       310.4]
 [     256.68       310.4]
 [     258.06      309.02]
 [     259.43      309.02]
 [      260.8      307.65]
 [     262.18      307.65]
 [     263.55      306.28]
 [      266.3      306.28]
 [     280.03      292.54]
 [     280.03      291.17]
 [     293.77      277.43]
 [     293.77      274.69]
 [     291.02      271.94]
 [     291.02      270.57]
 [     289.65      269.19]
 [     289.65      266.45]
 [     288.27      265.07]
 [     289.65       263.7]
 [     289.65      255.46]
 [     291.02      254.09]
 [     291.02      251.34]
 [     292.39      249.97]
 [     292.39      244.47]
 [     296.51      240.35]
 [     296.51      238.98]
 [     299.26      236.23]
 [     300.63      236.23]
 [     304.75      232.11]
 [     308.88      232.11]
 [     310.25      230.74]
 [        313      230.74]
 [     317.12      226.62]
 [     317.12      225.24]
 [     318.49      223.87]
 [     318.49      221.12]
 [     319.86      219.75]
 [     319.86      208.76]
 [     321.24      207.39]
 [     321.24      197.77]
 [     322.61       196.4]
 [     322.61      189.53]
 [     323.98      188.16]
 [     323.98      186.79]
 [     325.36      185.41]
 [     325.36      182.67]
 [     326.73      181.29]
 [     326.73      179.92]
 [      328.1      178.55]
 [     332.22      178.55]
 [      333.6      177.17]
 [     344.58      177.17]
 [     352.83      168.93]
 [      354.2      168.93]
 [     356.95      166.19]
 [     358.32      166.19]
 [     359.69      164.81]
 [     361.07      164.81]
 [     362.44      163.44]
 [     366.56      163.44]
 [     367.93      162.07]
 [     369.31      162.07]
 [     372.05      159.32]
 [     373.43      159.32]
 [     376.17      156.57]
 [     376.17       155.2]
 [     377.55      153.82]
 [     377.55      151.08]
 [     378.92       149.7]
 [     378.92      148.33]
 [     380.29      146.96]
 [     380.29      144.21]
 [     381.67      142.84]
 [     381.67      140.09]
 [     383.04      138.72]
 [     383.04      137.34]
 [     384.41      135.97]
 [     384.41      131.85]
 [     385.79      130.48]
 [     385.79      127.73]
 [     387.16      126.36]
 [     387.16      123.61]
 [     388.53      122.24]
 [     388.53      118.12]
 [     389.91      116.74]
 [     389.91      109.88]
 [     391.28       108.5]
 [     391.28      98.887]
 [     389.91      97.514]
 [     389.91      90.647]
 [     388.53      89.273]
 [     388.53      82.406]
 [     387.16      81.033]
 [     387.16      78.286]
 [     385.79      76.912]
 [     385.79      74.166]
 [     384.41      72.792]
 [     384.41      71.419]
 [     383.04      70.045]
 [     383.04      68.672]
 [     381.67      67.298]
 [     381.67      61.805]
 [     380.29      60.431]
 [     380.29      57.684]
 [     378.92      56.311]
 [     378.92      52.191]
 [     376.17      49.444]
 [     376.17       48.07]
 [      374.8      46.697]
 [      374.8       43.95]
 [     373.43      42.577]
 [     373.43      38.456]
 [     372.05      37.083]
 [     372.05      26.095]
 [     373.43      24.722]
 [     373.43      21.975]
 [      374.8      20.602]
 [      374.8      19.228]
 [     376.17      17.855]
 [     376.17      16.481]
 [     380.29      12.361]
 [     380.29      10.988]
 [     381.67      9.6141]
 [     381.67      8.2406]
 [     383.04      6.8672]
 [     383.04      2.7469]]
