Image_Name: ca26bfd0a0f7da480a5ea5dfcf8f0c45
Class: Hand
Inner Main Points: [(170, 611)]
Mask Points:
[[     141.32      579.59]
 [     141.32      642.77]
 [     148.18      642.77]
 [     149.56      644.14]
 [     156.42      644.14]
 [      157.8      645.52]
 [     168.78      645.52]
 [     170.16      646.89]
 [     183.89      646.89]
 [     185.27      645.52]
 [     186.64      646.89]
 [     189.39      646.89]
 [     190.76      645.52]
 [     194.88      645.52]
 [     197.63      642.77]
 [        199      642.77]
 [        199       641.4]
 [     201.75      638.65]
 [     201.75      598.82]
 [     200.37      597.45]
 [     200.37      591.95]
 [        199      590.58]
 [        199      587.83]
 [     197.63      586.46]
 [     197.63      579.59]]
