Image_Name: ca26bfd0a0f7da480a5ea5dfcf8f0c45
Class: Leg
Inner Main Points: [(191, 726)]
Mask Points:
[[      152.3      672.98]
 [      152.3       723.8]
 [     156.42       723.8]
 [      157.8      725.17]
 [      157.8      726.55]
 [     159.17      727.92]
 [     159.17      730.67]
 [     160.54      732.04]
 [     160.54      734.79]
 [     161.92      736.16]
 [     161.92      740.28]
 [     163.29      741.66]
 [     163.29       749.9]
 [     164.66      751.27]
 [     164.66      769.12]
 [     163.29       770.5]
 [     163.29      774.62]
 [     161.92      775.99]
 [     161.92      777.37]
 [     167.41      782.86]
 [     168.78      782.86]
 [     170.16      784.23]
 [     223.72      784.23]
 [     226.47      781.49]
 [     227.84      781.49]
 [     229.22      780.11]
 [     230.59      780.11]
 [     231.96      778.74]
 [     231.96      777.37]
 [     233.34      775.99]
 [     233.34      771.87]
 [     231.96       770.5]
 [     231.96      758.14]
 [     230.59      756.76]
 [     230.59      741.66]
 [     229.22      740.28]
 [     229.22      727.92]
 [     227.84      726.55]
 [     227.84      710.07]
 [     226.47      708.69]
 [     226.47       682.6]
 [      225.1      681.22]
 [      225.1      672.98]]
