Image_Name: ca26bfd0a0f7da480a5ea5dfcf8f0c45
Class: Neck
Inner Main Points: [(197, 311)]
Mask Points:
[[     186.64      288.42]
 [     186.64      292.54]
 [     183.89      295.29]
 [      178.4      295.29]
 [     177.02      296.66]
 [     163.29      296.66]
 [     163.29      335.12]
 [     185.27      335.12]
 [     186.64      336.49]
 [     211.36      336.49]
 [     212.73      335.12]
 [     220.97      335.12]
 [     222.35      333.75]
 [      225.1      333.75]
 [     226.47      332.37]
 [     227.84      332.37]
 [     227.84         331]
 [     229.22      329.62]
 [     229.22       325.5]
 [     230.59      324.13]
 [     230.59      318.64]
 [     231.96      317.26]
 [     231.96       310.4]
 [     233.34      309.02]
 [     233.34      307.65]
 [     231.96      306.28]
 [     231.96      302.16]
 [     233.34      300.78]
 [     233.34      299.41]
 [     231.96      298.04]
 [     231.96      288.42]]
