Image_Name: ca26bfd0a0f7da480a5ea5dfcf8f0c45
Class: Pants
Inner Main Points: [(185, 621)]
Mask Points:
[[     135.82       568.6]
 [     135.82      572.72]
 [     134.45       574.1]
 [     119.34       574.1]
 [     119.34      664.74]
 [     123.46      664.74]
 [     126.21      667.49]
 [     126.21       677.1]
 [      240.2       677.1]
 [      240.2      671.61]
 [     242.95      668.86]
 [     242.95      667.49]
 [     244.32      666.12]
 [     244.32      663.37]
 [      245.7         662]
 [      245.7      659.25]
 [     247.07      657.88]
 [     247.07      652.38]
 [     248.44      651.01]
 [     248.44      634.53]
 [     247.07      633.15]
 [     247.07      587.83]
 [     248.44      586.46]
 [     248.44      575.47]
 [     247.07       574.1]
 [     247.07       568.6]]
