Image_Name: ca26bfd0a0f7da480a5ea5dfcf8f0c45
Class: Shoe
Inner Main Points: [(166, 827)]
Mask Points:
[[     91.872      788.35]
 [     91.872      866.64]
 [     98.739      866.64]
 [     100.11      868.01]
 [     138.57      868.01]
 [     139.94      869.39]
 [     181.15      869.39]
 [     182.52      868.01]
 [     237.46      868.01]
 [     238.83      866.64]
 [      240.2      866.64]
 [     242.95      863.89]
 [     242.95      861.15]
 [     244.32      859.77]
 [     244.32      803.46]
 [     242.95      802.09]
 [     242.95      797.97]
 [     241.58      796.59]
 [     241.58      793.85]
 [      240.2      792.47]
 [      240.2      788.35]
 [     223.72      788.35]
 [     223.72      792.47]
 [     220.97      795.22]
 [     215.48      795.22]
 [     214.11      796.59]
 [     205.87      796.59]
 [     204.49      797.97]
 [     185.27      797.97]
 [     183.89      796.59]
 [      178.4      796.59]
 [     177.02      795.22]
 [     175.65      795.22]
 [     174.28      793.85]
 [      172.9      793.85]
 [     171.53      792.47]
 [     171.53      788.35]]
