Image_Name: fff6308908db2103c047d5114a0ae84c
Class: Leg
Inner Main Points: [(229.87427772261046, 721.7736051013732), (215.03090190296572, 722.4365367429767), (239.12193613155983, 739.1494714627512), (221.79195960097678, 732.1987406539436), (215.71787063148204, 731.0810732153718)]
Mask Points:
[[     198.02      703.42]
 [     198.02      805.12]
 [     202.26      805.12]
 [     203.68      806.54]
 [      206.5      806.54]
 [     207.91      807.95]
 [     243.22      807.95]
 [     244.64      806.54]
 [     250.29      806.54]
 [     253.11      803.71]
 [     253.11      796.65]
 [     254.52      795.24]
 [     254.52      785.35]
 [     255.94      783.94]
 [     255.94       768.4]
 [     257.35      766.99]
 [     257.35      730.26]
 [     255.94      728.85]
 [     255.94      727.44]
 [     254.52      726.03]
 [     254.52       723.2]
 [     253.11      721.79]
 [     253.11      720.38]
 [      251.7      718.96]
 [      251.7      717.55]
 [     250.29      716.14]
 [     250.29      703.42]]
