Image_Name: fff6308908db2103c047d5114a0ae84c
Class: Shoe
Inner Main Points: [(129.09915424101428, 857.5812576649676), (136.1387902033876, 867.0970726285691), (144.7866432960409, 868.9877959544078), (134.11381790424255, 876.1502907255443), (141.22496025943946, 866.8758746262599)]
Mask Points:
[[     133.05      827.72]
 [     133.05      831.96]
 [     130.22      834.79]
 [     125.99      834.79]
 [     124.57       836.2]
 [     123.16       836.2]
 [     120.34      839.03]
 [     118.92      839.03]
 [      116.1      841.85]
 [     114.69      841.85]
 [     111.86      844.67]
 [     107.62      844.67]
 [     106.21      846.09]
 [      104.8      844.67]
 [     96.325      844.67]
 [     96.325      882.81]
 [     101.97      882.81]
 [      104.8      885.64]
 [     106.21      885.64]
 [     107.62      887.05]
 [     109.04      887.05]
 [     111.86      889.88]
 [     111.86      894.11]
 [     148.59      894.11]
 [     148.59      889.88]
 [        150      888.46]
 [     151.41      888.46]
 [     152.82      887.05]
 [     155.65      887.05]
 [     159.89      882.81]
 [     159.89       881.4]
 [      161.3      879.99]
 [      161.3      837.61]
 [     164.12      834.79]
 [     168.36      834.79]
 [     168.36      827.72]
 [     155.65      827.72]
 [     155.65      837.61]
 [     154.24      839.03]
 [     151.41      839.03]
 [        150      837.61]
 [     148.59      837.61]
 [     147.18       836.2]
 [     145.76       836.2]
 [     141.52      831.96]
 [     141.52      827.72]]
