Image_Name: fff6308908db2103c047d5114a0ae84c
Class: Stock
Inner Main Points: [(137.89800700605792, 816.4630278810805), (126.13694512838072, 814.9375846892831), (133.5800926985103, 814.76816901395), (139.14348906558632, 816.7646442019668), (123.06276005612077, 817.4341907738966)]
Mask Points:
[[     107.62      799.47]
 [     107.62      841.85]
 [     113.27      841.85]
 [     117.51      837.61]
 [     118.92      837.61]
 [     120.34       836.2]
 [     121.75       836.2]
 [     124.57      833.38]
 [     128.81      833.38]
 [     130.22      831.96]
 [     142.94      831.96]
 [     144.35      833.38]
 [     145.76      833.38]
 [     147.18      834.79]
 [     152.82      834.79]
 [     152.82      833.38]
 [     154.24      831.96]
 [     154.24      827.72]
 [     155.65      826.31]
 [     155.65      823.49]
 [     157.06      822.08]
 [     157.06      812.19]
 [     155.65      810.78]
 [     155.65      807.95]
 [     154.24      806.54]
 [     154.24      805.12]
 [     152.82      803.71]
 [     152.82      799.47]]
