Image_Name: 1724144144209
Class: Clothes
Inner Main Points: [(160.25596749984325, 554.7298194316795), (227.78859886212575, 582.67014776905), (168.09480618903055, 440.8872336263031), (129.91090249048654, 524.9070891297547), (162.86410155817663, 574.6841201513296)]
Mask Points:
[[     125.99      364.42]
 [     125.99      368.66]
 [     120.34      374.31]
 [     120.34      375.73]
 [     118.92      377.14]
 [     118.92      378.55]
 [     117.51      379.96]
 [     113.27      379.96]
 [     113.27      405.39]
 [     117.51      405.39]
 [     121.75      409.62]
 [     121.75      411.04]
 [     124.57      413.86]
 [     124.57      416.69]
 [     125.99       418.1]
 [     125.99      433.64]
 [     124.57      435.05]
 [     124.57      437.88]
 [     123.16      439.29]
 [     123.16      443.52]
 [     121.75      444.94]
 [     121.75         452]
 [     120.34      453.41]
 [     120.34       463.3]
 [     118.92      464.71]
 [     118.92      467.54]
 [     117.51      468.95]
 [     113.27      468.95]
 [     113.27      600.31]
 [     134.46      600.31]
 [     134.46      596.08]
 [     135.88      594.66]
 [     137.29      596.08]
 [     137.29      600.31]
 [     142.94      600.31]
 [     142.94      596.08]
 [     144.35      594.66]
 [     145.76      594.66]
 [     147.18      596.08]
 [     147.18      600.31]
 [     223.45      600.31]
 [     223.45      596.08]
 [     224.86      594.66]
 [      229.1      594.66]
 [     230.51      596.08]
 [     230.51      600.31]
 [     257.35      600.31]
 [     257.35      596.08]
 [     258.76      594.66]
 [     260.17      594.66]
 [     261.59      593.25]
 [     265.82      593.25]
 [     267.24      591.84]
 [     270.06      591.84]
 [     271.48      590.42]
 [     275.71      590.42]
 [     275.71      550.88]
 [     271.48      550.88]
 [     270.06      549.46]
 [     270.06      548.05]
 [     268.65      546.64]
 [     268.65      545.22]
 [     267.24      543.81]
 [     267.24      540.99]
 [     265.82      539.58]
 [     265.82      538.16]
 [     264.41      536.75]
 [     264.41      533.92]
 [        263      532.51]
 [        263      529.69]
 [     261.59      528.28]
 [     261.59      526.86]
 [     260.17      525.45]
 [     260.17      524.04]
 [     258.76      522.62]
 [     258.76      521.21]
 [     257.35       519.8]
 [     257.35      516.97]
 [     254.52      514.15]
 [     254.52      512.74]
 [     253.11      511.33]
 [     253.11      509.91]
 [      251.7       508.5]
 [      251.7      507.09]
 [     250.29      505.67]
 [     250.29      504.26]
 [     248.88      502.85]
 [     248.88      501.44]
 [     247.46      500.02]
 [     247.46      498.61]
 [     246.05       497.2]
 [     246.05      495.79]
 [     244.64      494.38]
 [     244.64      492.96]
 [     241.81      490.14]
 [     241.81      488.73]
 [     238.99       485.9]
 [     238.99      484.49]
 [     237.57      483.08]
 [     237.57      481.66]
 [     234.75      478.84]
 [     234.75      477.42]
 [     233.34      476.01]
 [     233.34       474.6]
 [     231.93      473.19]
 [     231.93      470.36]
 [      229.1      467.54]
 [      229.1      466.12]
 [     226.27       463.3]
 [     226.27      461.89]
 [     224.86      460.48]
 [     224.86      459.06]
 [     222.04      456.24]
 [     222.04      454.83]
 [     220.62      453.41]
 [     220.62         452]
 [     219.21      450.59]
 [     219.21      447.76]
 [      217.8      446.35]
 [      217.8      444.94]
 [     216.39      443.52]
 [     216.39       440.7]
 [     214.97      439.29]
 [     214.97      427.99]
 [     216.39      426.58]
 [     216.39      425.16]
 [     219.21      422.34]
 [     219.21      420.92]
 [     224.86      415.27]
 [     226.27      415.27]
 [     227.69      413.86]
 [      229.1      413.86]
 [     230.51      412.45]
 [     231.93      412.45]
 [     233.34      411.04]
 [     236.16      411.04]
 [     237.57      409.62]
 [      240.4      409.62]
 [     241.81      408.21]
 [     243.22      408.21]
 [     255.94       395.5]
 [     255.94      394.09]
 [     257.35      392.67]
 [     257.35      391.26]
 [     258.76      389.85]
 [     258.76      387.02]
 [     260.17      385.61]
 [     260.17       384.2]
 [     258.76      382.79]
 [     258.76      378.55]
 [     257.35      377.14]
 [     257.35      375.73]
 [     255.94      374.31]
 [     255.94       372.9]
 [      251.7      368.66]
 [      251.7      364.42]]
