Image_Name: 57a1d4d4767503e1edb3e5613380d59c
Class: Eye
Inner Main Points: [(253.26644734101427, 231.99813354830965), (255.38215787256547, 240.0660805742848), (247.57239083975978, 234.46385212902487), (258.46157553136345, 228.1052799917314), (245.38307247019114, 236.98774311267618)]
Mask Points:
[[     237.73      207.14]
 [     237.73      212.81]
 [     236.31      214.23]
 [     236.31      215.65]
 [     233.47      218.49]
 [     229.21      218.49]
 [     229.21      252.54]
 [     233.47      252.54]
 [     239.14      258.21]
 [     240.56      258.21]
 [     241.98      259.63]
 [      243.4      259.63]
 [     244.82      261.05]
 [     256.17      261.05]
 [     257.59      259.63]
 [     260.43      259.63]
 [     261.84      258.21]
 [     263.26      258.21]
 [     264.68      256.79]
 [      266.1      256.79]
 [      266.1      255.38]
 [     268.94      252.54]
 [     268.94      251.12]
 [     270.36       249.7]
 [     270.36      246.86]
 [     271.78      245.44]
 [     271.78      241.19]
 [     274.61      238.35]
 [     278.87      238.35]
 [     278.87      219.91]
 [     274.61      219.91]
 [     271.78      217.07]
 [     271.78      215.65]
 [     268.94      212.81]
 [     268.94      207.14]]
