Image_Name: 57a1d4d4767503e1edb3e5613380d59c
Class: Eye
Inner Main Points: [(148.71169846524572, 249.31673011635596), (148.87963284409116, 246.58613120988412), (148.5141783353965, 247.54260868256353), (148.74851836750767, 245.13623266602843), (148.57208124995734, 242.8305427949486)]
Mask Points:
[[     132.74      212.81]
 [     132.74      266.73]
 [     138.41      266.73]
 [     139.83      268.14]
 [     139.83      273.82]
 [     155.44      273.82]
 [     155.44      268.14]
 [     161.11      262.47]
 [     161.11      261.05]
 [     162.53      259.63]
 [     162.53      255.38]
 [     163.95      253.96]
 [     163.95      234.09]
 [     162.53      232.68]
 [     162.53         227]
 [     163.95      225.58]
 [     163.95      224.16]
 [     162.53      222.74]
 [     162.53      221.33]
 [     161.11      219.91]
 [     161.11      218.49]
 [     159.69      217.07]
 [     159.69      212.81]]
