Image_Name: 57a1d4d4767503e1edb3e5613380d59c
Class: Leg
Inner Main Points: [(259.71473164817724, 720.9624164154089), (239.92101433562027, 731.3891649198523), (235.78991931878835, 767.7965591860403), (256.77502858740445, 754.6218606846669), (253.44662929865106, 738.018253001646)]
Mask Points:
[[     217.86      695.19]
 [     217.86      777.48]
 [     222.12      777.48]
 [     223.54      778.89]
 [     223.54      784.57]
 [     224.96      785.99]
 [     224.96      790.24]
 [     227.79      793.08]
 [     237.73      793.08]
 [     239.14       794.5]
 [     257.59       794.5]
 [     259.01      793.08]
 [     263.26      793.08]
 [     264.68      791.66]
 [     267.52      791.66]
 [     271.78      787.41]
 [     271.78      783.15]
 [     273.19      781.73]
 [     273.19      746.26]
 [     274.61      744.84]
 [     278.87      744.84]
 [     278.87      695.19]]
