Image_Name: 57a1d4d4767503e1edb3e5613380d59c
Class: Stock
Inner Main Points: [(248.10666238153388, 807.0584648186385), (246.27840468712387, 807.0921025362989), (245.18157049990728, 807.4717307976916), (246.10166681612975, 807.0030230958347), (245.25517619091406, 807.32639606603)]
Mask Points:
[[     229.21      791.66]
 [     229.21      832.81]
 [     234.89      832.81]
 [     236.31      834.23]
 [     236.31      835.64]
 [     237.73      837.06]
 [     237.73      841.32]
 [     241.98      841.32]
 [     241.98      831.39]
 [     250.49      822.88]
 [     251.91      822.88]
 [     253.33      821.46]
 [     254.75      821.46]
 [     256.17      820.04]
 [     260.43      820.04]
 [     261.84      818.62]
 [     278.87      818.62]
 [     278.87      805.85]
 [     274.61      805.85]
 [     273.19      804.43]
 [     273.19      797.34]
 [     271.78      795.92]
 [     271.78      791.66]]
