Image_Name: 57a1d4d4767503e1edb3e5613380d59c
Class: Stock
Inner Main Points: [(170.14551035036445, 809.3514325981828), (165.2126507698319, 806.8884602495791), (164.56773155082374, 808.9781477532242), (168.05887205465572, 807.0224040529362), (170.23711177707554, 808.8739297901795)]
Mask Points:
[[     138.41      791.66]
 [     138.41      814.36]
 [     145.51      814.36]
 [     146.93      815.78]
 [     148.34      815.78]
 [     149.76       817.2]
 [     151.18       817.2]
 [     158.28      824.29]
 [     158.28      825.71]
 [     159.69      827.13]
 [     159.69      829.97]
 [     161.11      831.39]
 [     161.11      841.32]
 [     176.72      841.32]
 [     176.72      837.06]
 [     179.56      834.23]
 [     179.56      832.81]
 [     182.39      829.97]
 [     182.39      828.55]
 [     183.81      827.13]
 [     183.81      824.29]
 [     185.23      822.88]
 [     185.23      821.46]
 [     186.65      820.04]
 [     186.65      791.66]]
