Image_Name: 1243a2bfd801080a480f6be7c74485b1
Class: Hand
Inner Main Points: [(76.83001470606578, 617.4239958506296), (109.55707059006464, 600.2682476894175), (53.32358754121708, 632.9766187999498), (91.59311957994078, 602.8285662316324), (70.68720849339256, 620.3955368413616)]
Mask Points:
[[     54.706      581.69]
 [     54.706      585.94]
 [     47.613      593.04]
 [     46.194      593.04]
 [     44.775      594.46]
 [     43.356      594.46]
 [     41.938      595.88]
 [     36.263      595.88]
 [     36.263      659.72]
 [     41.938      659.72]
 [     43.356      661.14]
 [     43.356      665.39]
 [     114.29      665.39]
 [     114.29      661.14]
 [     119.97      655.46]
 [     125.64      655.46]
 [     125.64      581.69]]
