Image_Name: 1243a2bfd801080a480f6be7c74485b1
Class: Pants
Inner Main Points: [(186.74951091867032, 631.698350155995), (164.82599682085163, 603.7963383317236), (264.04377198883793, 648.9849625874908), (218.5070539104657, 670.2136990856092), (197.35165598893258, 666.7729706183549)]
Mask Points:
[[     121.39      581.69]
 [     121.39      699.44]
 [     244.82      699.44]
 [     244.82      695.19]
 [     246.24      693.77]
 [     261.84      693.77]
 [     263.26      692.35]
 [     285.96      692.35]
 [     293.06      685.26]
 [     293.06      683.84]
 [     294.48      682.42]
 [     294.48      675.33]
 [     293.06      673.91]
 [     293.06      648.37]
 [     294.48      646.95]
 [     294.48      627.09]
 [     293.06      625.67]
 [     293.06      607.23]
 [     294.48      605.81]
 [     294.48      597.29]
 [     297.31      594.46]
 [     301.57      594.46]
 [     301.57      581.69]]
