Image_Name: 61f5654d7be51a9025ad828ac338c3ea
Class: Hand
Inner Main Points: [(55.50264349704133, 649.2559841260367), (46.78845504598097, 639.1589640489432), (80.64995778141079, 612.7107759884235), (63.282733756780836, 607.432360490589), (81.46191118607045, 633.2337243825111)]
Mask Points:
[[     49.713      579.12]
 [     49.713      583.36]
 [     39.825      593.25]
 [     38.413      593.25]
 [     32.763       598.9]
 [      31.35       598.9]
 [     28.525      601.72]
 [     22.875      601.72]
 [     22.875      670.94]
 [     62.425      670.94]
 [     63.838      672.35]
 [     89.263      672.35]
 [     90.675      670.94]
 [     96.325      670.94]
 [     100.56       666.7]
 [     101.97       666.7]
 [     107.62      661.05]
 [     111.86      661.05]
 [     111.86      642.69]
 [     107.62      642.69]
 [     106.21      641.28]
 [     106.21      631.39]
 [      104.8      629.97]
 [      104.8      625.74]
 [     106.21      624.33]
 [     106.21      604.55]
 [      104.8      603.14]
 [      104.8      596.08]
 [     103.39      594.66]
 [     103.39      590.42]
 [     101.97      589.01]
 [     101.97      586.19]
 [     100.56      584.78]
 [     100.56      579.12]]
