Image_Name: 61f5654d7be51a9025ad828ac338c3ea
Class: Shoe
Inner Main Points: [(232.09187097278857, 851.9820707724695), (222.78819201712952, 850.4859734695115), (258.91346526280125, 844.8432337634653), (223.76052816377708, 868.5946036764607), (238.61853535400434, 853.0402482423287)]
Mask Points:
[[     203.68      827.72]
 [     203.68      891.29]
 [     223.45      891.29]
 [     224.86       892.7]
 [     254.52       892.7]
 [     255.94      891.29]
 [     261.59      891.29]
 [        263      889.88]
 [     265.82      889.88]
 [     268.65      887.05]
 [     270.06      887.05]
 [     272.89      884.22]
 [     272.89      871.51]
 [      274.3       870.1]
 [      274.3      827.72]]
