Image_Name: a15f2582d870481683fd47b80199f70f
Class: Face
Inner Main Points: [(921.2191020835562, 414.4596528065254), (785.0756713698777, 393.6136991550412), (708.9541569209141, 447.79628825328973), (872.1870308701968, 376.976614742177), (857.2714524310093, 538.9850464516553)]
Mask Points:
[[        735         318]
 [        735         327]
 [        729         333]
 [        729         336]
 [        726         339]
 [        726         345]
 [        723         348]
 [        723         375]
 [        711         387]
 [        708         387]
 [        702         393]
 [        699         393]
 [        690         402]
 [        687         402]
 [        675         414]
 [        666         414]
 [        666         486]
 [        675         486]
 [        690         501]
 [        693         501]
 [        696         504]
 [        705         504]
 [        708         501]
 [        711         501]
 [        714         498]
 [        717         498]
 [        720         495]
 [        723         495]
 [        726         492]
 [        741         492]
 [        744         495]
 [        747         495]
 [        750         498]
 [        753         498]
 [        756         501]
 [        762         501]
 [        765         504]
 [        771         504]
 [        774         507]
 [        777         507]
 [        783         513]
 [        786         513]
 [        789         516]
 [        795         516]
 [        798         519]
 [        801         519]
 [        804         522]
 [        804         537]
 [        798         543]
 [        789         543]
 [        786         546]
 [        783         546]
 [        783         555]
 [        873         555]
 [        873         543]
 [        879         537]
 [        882         537]
 [        891         528]
 [        894         528]
 [        900         522]
 [        906         522]
 [        909         519]
 [        915         519]
 [        918         516]
 [        924         516]
 [        927         513]
 [        963         513]
 [        966         516]
 [        969         516]
 [        972         519]
 [        981         519]
 [        987         513]
 [        999         513]
 [        999         504]
 [        987         504]
 [        984         501]
 [        981         501]
 [        969         489]
 [        969         486]
 [        966         483]
 [        966         471]
 [        969         468]
 [        969         456]
 [        972         453]
 [        972         378]
 [        969         375]
 [        969         369]
 [        963         363]
 [        954         363]
 [        951         360]
 [        921         360]
 [        918         357]
 [        912         357]
 [        906         351]
 [        903         351]
 [        894         342]
 [        879         342]
 [        873         348]
 [        870         348]
 [        867         351]
 [        846         351]
 [        843         348]
 [        840         348]
 [        825         333]
 [        825         330]
 [        822         327]
 [        822         318]
 [        795         318]
 [        795         330]
 [        792         333]
 [        789         333]
 [        786         336]
 [        783         336]
 [        780         339]
 [        759         339]
 [        756         336]
 [        753         336]
 [        750         333]
 [        747         333]
 [        741         327]
 [        741         318]]
