Image_Name: a15f2582d870481683fd47b80199f70f
Class: Leg
Inner Main Points: [(933.9392569299708, 852.7103533938715), (969.5673937391128, 798.7366185732465), (979.5076373358038, 790.9255676691537), (991.8727535401597, 849.6893989374951), (978.3768859671616, 862.4286356700914)]
Mask Points:
[[        894         774]
 [        894         930]
 [        906         930]
 [        909         933]
 [        912         933]
 [        915         936]
 [        930         936]
 [        933         933]
 [        960         933]
 [        963         930]
 [        987         930]
 [        990         927]
 [        999         927]
 [       1002         924]
 [       1005         924]
 [       1008         921]
 [       1020         921]
 [       1023         924]
 [       1041         924]
 [       1044         921]
 [       1077         921]
 [       1080         918]
 [       1086         918]
 [       1089         915]
 [       1107         915]
 [       1107         897]
 [       1098         897]
 [       1095         894]
 [       1095         885]
 [       1092         882]
 [       1092         876]
 [       1089         873]
 [       1089         867]
 [       1086         864]
 [       1086         858]
 [       1083         855]
 [       1083         846]
 [       1080         843]
 [       1080         828]
 [       1077         825]
 [       1077         804]
 [       1074         801]
 [       1074         774]]
