Image_Name: a15f2582d870481683fd47b80199f70f
Class: Upper_clothes
Inner Main Points: [(932.5522695546688, 617.2357499604456), (906.3431608014449, 650.5094108484017), (928.0597588374523, 661.5055732020583), (1054.9562408203617, 720.1763700041125), (1016.0894850613771, 705.9343554724182)]
Mask Points:
[[       1002         534]
 [       1002         543]
 [       1008         549]
 [       1011         549]
 [       1014         552]
 [       1020         552]
 [       1026         558]
 [       1023         561]
 [       1020         561]
 [       1017         564]
 [       1014         564]
 [       1008         570]
 [       1008         573]
 [       1011         576]
 [       1011         582]
 [       1020         591]
 [       1020         594]
 [       1023         594]
 [       1032         603]
 [       1035         603]
 [       1038         606]
 [       1041         606]
 [       1044         609]
 [       1047         609]
 [       1050         612]
 [       1056         612]
 [       1062         618]
 [       1062         621]
 [       1059         624]
 [       1059         627]
 [       1056         630]
 [        999         630]
 [        996         627]
 [        987         627]
 [        984         624]
 [        978         624]
 [        975         621]
 [        969         621]
 [        966         618]
 [        963         618]
 [        945         600]
 [        945         597]
 [        942         594]
 [        942         591]
 [        939         588]
 [        939         579]
 [        936         576]
 [        936         573]
 [        933         573]
 [        930         570]
 [        924         570]
 [        921         567]
 [        915         567]
 [        912         564]
 [        903         564]
 [        900         561]
 [        885         561]
 [        882         558]
 [        876         558]
 [        873         555]
 [        861         555]
 [        855         561]
 [        855         567]
 [        852         570]
 [        852         585]
 [        849         588]
 [        849         594]
 [        846         597]
 [        846         600]
 [        843         603]
 [        843         606]
 [        840         609]
 [        840         612]
 [        831         621]
 [        822         621]
 [        822         699]
 [        834         699]
 [        837         702]
 [        840         702]
 [        846         708]
 [        849         708]
 [        852         711]
 [        855         711]
 [        861         717]
 [        861         720]
 [        864         723]
 [        864         732]
 [        861         735]
 [        861         738]
 [        864         741]
 [        864         747]
 [        873         756]
 [        876         756]
 [        879         759]
 [        882         759]
 [        885         762]
 [        891         762]
 [        894         765]
 [        900         765]
 [        903         768]
 [        912         768]
 [        915         771]
 [        921         771]
 [        924         774]
 [        924         783]
 [       1056         783]
 [       1056         774]
 [       1059         771]
 [       1071         771]
 [       1074         768]
 [       1080         768]
 [       1083         765]
 [       1086         765]
 [       1089         762]
 [       1095         762]
 [       1101         756]
 [       1101         747]
 [       1104         744]
 [       1104         723]
 [       1107         720]
 [       1107         684]
 [       1104         681]
 [       1104         636]
 [       1101         633]
 [       1101         606]
 [       1104         603]
 [       1104         588]
 [       1107         585]
 [       1107         582]
 [       1110         579]
 [       1119         579]
 [       1119         534]
 [       1080         534]
 [       1080         549]
 [       1083         552]
 [       1083         561]
 [       1077         567]
 [       1074         567]
 [       1071         570]
 [       1059         570]
 [       1056         567]
 [       1053         567]
 [       1050         564]
 [       1050         561]
 [       1047         558]
 [       1047         555]
 [       1059         543]
 [       1059         534]]
