Image_Name: 92fbda3bc2b65f1b8b7c8323ec8ca444
Class: Hand
Inner Main Points: [(60.69393148297159, 624.3854904751207), (61.477577847260186, 616.4344986645376), (49.08528942224402, 639.8954291930353), (76.15220626518808, 627.5110040234629), (72.6778155772673, 621.9944554334696)]
Mask Points:
[[     49.713      601.72]
 [     49.713      608.79]
 [     46.888      611.61]
 [     46.888      613.03]
 [     45.475      614.44]
 [     45.475      615.85]
 [     44.062      617.26]
 [     44.062      620.09]
 [      42.65       621.5]
 [      42.65      624.33]
 [     41.237      625.74]
 [     41.237      628.56]
 [     39.825      629.97]
 [     39.825      634.21]
 [     38.413      635.62]
 [     38.413      639.86]
 [         37      641.28]
 [         37      642.69]
 [     35.588       644.1]
 [     35.588      645.51]
 [     32.763      648.34]
 [     28.525      648.34]
 [     28.525      673.76]
 [     41.237      673.76]
 [     41.237      669.53]
 [      53.95      656.81]
 [      53.95       655.4]
 [     55.362      653.99]
 [     61.013      659.64]
 [     68.075      659.64]
 [       70.9      656.81]
 [       70.9       655.4]
 [     72.312      653.99]
 [     72.312      651.16]
 [     73.725      649.75]
 [     73.725      645.51]
 [     80.787      638.45]
 [     85.025      638.45]
 [     86.438      637.04]
 [     89.263      637.04]
 [     90.675      635.62]
 [     92.087      635.62]
 [       93.5      634.21]
 [     92.087       632.8]
 [     92.087      617.26]
 [       93.5      615.85]
 [       93.5      601.72]
 [     75.138      601.72]
 [     75.138      605.96]
 [     73.725      607.38]
 [     72.312      605.96]
 [     72.312      601.72]]
