Image_Name: 92fbda3bc2b65f1b8b7c8323ec8ca444
Class: Leg
Inner Main Points: [(236.31679493239528, 752.9937073494112), (213.47724251652278, 778.9824075167851), (209.23946022815264, 778.4579044238556), (239.47013026650683, 727.9652155998963), (203.16279687569445, 724.6163502890687)]
Mask Points:
[[     192.38      703.42]
 [     192.38      785.35]
 [     196.61      785.35]
 [     198.02      786.76]
 [     198.02      789.59]
 [     199.44         791]
 [     199.44      793.83]
 [     200.85      795.24]
 [     200.85      798.06]
 [     202.26      799.47]
 [     202.26      800.89]
 [     205.09      803.71]
 [      206.5      803.71]
 [     207.91      805.12]
 [     213.56      805.12]
 [     214.97      806.54]
 [      240.4      806.54]
 [     241.81      805.12]
 [     246.05      805.12]
 [     247.46      803.71]
 [      251.7      803.71]
 [     254.52      800.89]
 [     254.52      798.06]
 [     255.94      796.65]
 [     255.94      786.76]
 [     257.35      785.35]
 [     257.35      772.64]
 [     258.76      771.22]
 [     258.76      742.97]
 [     260.17      741.56]
 [     264.41      741.56]
 [     264.41      703.42]]
