Image_Name: 1724160983766
Class: Pants
Inner Main Points: [(217.0971363199061, 661.089135716977), (135.32187364221983, 577.1946158440841), (149.76236597682959, 640.2787225032191), (193.1433578163635, 627.4929991451324), (203.39638128485694, 654.3314182887526)]
Mask Points:
[[     124.83       568.6]
 [     124.83       682.6]
 [     159.17       682.6]
 [     159.17      678.48]
 [     160.54       677.1]
 [     166.04       677.1]
 [     167.41      675.73]
 [      240.2      675.73]
 [     241.58      674.36]
 [     242.95      674.36]
 [     244.32      672.98]
 [     249.82      672.98]
 [     249.82       568.6]]
