Image_Name: a9837b2a10cf1be2f1cb1847402026bc
Class: Hand
Inner Main Points: [(86.38671244312391, 614.1828576608732), (65.68465296813153, 634.5582745247136), (82.23353208011899, 641.5034035625953), (93.0680323298788, 625.1358053007228), (100.59735598177797, 632.4666080950152)]
Mask Points:
[[     54.706      581.69]
 [     54.706      585.94]
 [     47.613      593.04]
 [     46.194      593.04]
 [     44.775      594.46]
 [     43.356      594.46]
 [     41.938      595.88]
 [     36.263      595.88]
 [     36.263      659.72]
 [     41.938      659.72]
 [     43.356      661.14]
 [     43.356      665.39]
 [     114.29      665.39]
 [     114.29      661.14]
 [     119.97      655.46]
 [     125.64      655.46]
 [     125.64      581.69]]
