Image_Name: a9837b2a10cf1be2f1cb1847402026bc
Class: Pants
Inner Main Points: [(165.4799370759259, 654.178237533878), (186.0431143922815, 665.0050192473185), (263.79226171079733, 650.2756844484705), (209.24876892888838, 613.7664964217412), (259.85419170625806, 668.2083331317774)]
Mask Points:
[[     121.39      581.69]
 [     121.39      699.44]
 [     244.82      699.44]
 [     244.82      695.19]
 [     246.24      693.77]
 [     261.84      693.77]
 [     263.26      692.35]
 [     285.96      692.35]
 [     293.06      685.26]
 [     293.06      683.84]
 [     294.48      682.42]
 [     294.48      675.33]
 [     293.06      673.91]
 [     293.06      648.37]
 [     294.48      646.95]
 [     294.48      627.09]
 [     293.06      625.67]
 [     293.06      607.23]
 [     294.48      605.81]
 [     294.48      597.29]
 [     297.31      594.46]
 [     301.57      594.46]
 [     301.57      581.69]]
