Image_Name: c2baf9bc114719f663f3a9a59b5b3243
Class: Eye
Inner Main Points: [(147.97550630874633, 246.03783229381222), (148.6640175823297, 248.3342674498902), (147.7994085811175, 245.8104940993634), (148.09685646173125, 241.36935271204737), (148.13288341346075, 237.56072287128396)]
Mask Points:
[[     132.74      212.81]
 [     132.74      266.73]
 [     138.41      266.73]
 [     139.83      268.14]
 [     139.83      273.82]
 [     155.44      273.82]
 [     155.44      268.14]
 [     161.11      262.47]
 [     161.11      261.05]
 [     162.53      259.63]
 [     162.53      255.38]
 [     163.95      253.96]
 [     163.95      234.09]
 [     162.53      232.68]
 [     162.53         227]
 [     163.95      225.58]
 [     163.95      224.16]
 [     162.53      222.74]
 [     162.53      221.33]
 [     161.11      219.91]
 [     161.11      218.49]
 [     159.69      217.07]
 [     159.69      212.81]]
