Image_Name: c2baf9bc114719f663f3a9a59b5b3243
Class: Leg
Inner Main Points: [(241.81980089583513, 714.8923997284797), (251.42655689174507, 777.433131327112), (251.93272347634283, 752.1418378067989), (252.8815675180034, 724.9452931429872), (254.00353401760623, 761.6971410601992)]
Mask Points:
[[     217.86      695.19]
 [     217.86      777.48]
 [     222.12      777.48]
 [     223.54      778.89]
 [     223.54      784.57]
 [     224.96      785.99]
 [     224.96      790.24]
 [     227.79      793.08]
 [     237.73      793.08]
 [     239.14       794.5]
 [     257.59       794.5]
 [     259.01      793.08]
 [     263.26      793.08]
 [     264.68      791.66]
 [     267.52      791.66]
 [     271.78      787.41]
 [     271.78      783.15]
 [     273.19      781.73]
 [     273.19      746.26]
 [     274.61      744.84]
 [     278.87      744.84]
 [     278.87      695.19]]
