Image_Name: c2baf9bc114719f663f3a9a59b5b3243
Class: Leg
Inner Main Points: [(164.8908428199817, 777.1153102202592), (166.92115403164416, 769.2261672692872), (166.33882713079117, 732.6497137265176), (154.95086285444287, 741.4893206015113), (170.25767895045914, 723.3115865005141)]
Mask Points:
[[     138.41      695.19]
 [     138.41      790.24]
 [     142.67      790.24]
 [     144.09      791.66]
 [     148.34      791.66]
 [     149.76      793.08]
 [     158.28      793.08]
 [     159.69       794.5]
 [     172.46       794.5]
 [     173.88      793.08]
 [     182.39      793.08]
 [     183.81      791.66]
 [     186.65      791.66]
 [     188.07      790.24]
 [     188.07      787.41]
 [     189.49      785.99]
 [     189.49      778.89]
 [     190.91      777.48]
 [     190.91      768.96]
 [     192.33      767.54]
 [     192.33       749.1]
 [     193.74      747.68]
 [     193.74      732.08]
 [     195.16      730.66]
 [     199.42      730.66]
 [     199.42      695.19]]
