Image_Name: c2baf9bc114719f663f3a9a59b5b3243
Class: Stock
Inner Main Points: [(246.5039595800128, 807.3979052515313), (247.25312470499085, 807.2563310040471), (244.81448135410324, 806.9143508146785), (245.59692889659445, 807.1633358910553), (244.38542195768937, 807.1151005831255)]
Mask Points:
[[     229.21      791.66]
 [     229.21      832.81]
 [     234.89      832.81]
 [     236.31      834.23]
 [     236.31      835.64]
 [     237.73      837.06]
 [     237.73      841.32]
 [     241.98      841.32]
 [     241.98      831.39]
 [     250.49      822.88]
 [     251.91      822.88]
 [     253.33      821.46]
 [     254.75      821.46]
 [     256.17      820.04]
 [     260.43      820.04]
 [     261.84      818.62]
 [     278.87      818.62]
 [     278.87      805.85]
 [     274.61      805.85]
 [     273.19      804.43]
 [     273.19      797.34]
 [     271.78      795.92]
 [     271.78      791.66]]
