Image_Name: 1724159068736
Class: Pants
Inner Main Points: [(257.8944360535095, 590.2172972487316), (186.07651402872904, 658.1946424458125), (183.5379556331098, 625.2950632782793), (247.09057699843265, 683.9848292246709), (173.17397339215265, 616.95089489226)]
Mask Points:
[[     121.39      581.69]
 [     121.39      699.44]
 [     244.82      699.44]
 [     244.82      695.19]
 [     246.24      693.77]
 [     261.84      693.77]
 [     263.26      692.35]
 [     285.96      692.35]
 [     293.06      685.26]
 [     293.06      683.84]
 [     294.48      682.42]
 [     294.48      675.33]
 [     293.06      673.91]
 [     293.06      648.37]
 [     294.48      646.95]
 [     294.48      627.09]
 [     293.06      625.67]
 [     293.06      607.23]
 [     294.48      605.81]
 [     294.48      597.29]
 [     297.31      594.46]
 [     301.57      594.46]
 [     301.57      581.69]]
