Image_Name: 57b721898596d882863fdb42dc0cb8a6
Class: Eye
Inner Main Points: [(265.234168834106, 237.52277447943658), (285.59895492954485, 210.2477206698151), (248.02244520064, 203.90542508643549), (287.2209556570327, 204.03651626718326), (262.0290895662347, 226.4476213102821)]
Mask Points:
[[     229.21      184.44]
 [     229.21      253.96]
 [     233.47      253.96]
 [     237.73      258.21]
 [     239.14      258.21]
 [     240.56      259.63]
 [     241.98      259.63]
 [     244.82      262.47]
 [     246.24      262.47]
 [     247.66      263.89]
 [     247.66      268.14]
 [     257.59      268.14]
 [     257.59      263.89]
 [     260.43      261.05]
 [     263.26      261.05]
 [      266.1      258.21]
 [     267.52      258.21]
 [     273.19      252.54]
 [     273.19       249.7]
 [     274.61      248.28]
 [     274.61      245.44]
 [     276.03      244.03]
 [     276.03      235.51]
 [     277.45      234.09]
 [     277.45      229.84]
 [     278.87      228.42]
 [     278.87      225.58]
 [     281.71      222.74]
 [     284.54      222.74]
 [     295.89      234.09]
 [     297.31      234.09]
 [     297.31      231.26]
 [     298.73      229.84]
 [     298.73      212.81]
 [     297.31      211.39]
 [     297.31      208.56]
 [     295.89      207.14]
 [     295.89       204.3]
 [     294.48      202.88]
 [     294.48      201.46]
 [     291.64      198.63]
 [     291.64      197.21]
 [     285.96      191.53]
 [     285.96      190.11]
 [     284.54      188.69]
 [     284.54      184.44]]
