Image_Name: 57b721898596d882863fdb42dc0cb8a6
Class: Pants
Inner Main Points: [(282.4327698133127, 613.2434303075809), (129.5937245477183, 676.2654902548294), (193.22507869332406, 620.5068527295845), (154.06898542746202, 615.3720468613179), (205.992667138113, 669.9617476493877)]
Mask Points:
[[     121.39      581.69]
 [     121.39      699.44]
 [     244.82      699.44]
 [     244.82      695.19]
 [     246.24      693.77]
 [     261.84      693.77]
 [     263.26      692.35]
 [     285.96      692.35]
 [     293.06      685.26]
 [     293.06      683.84]
 [     294.48      682.42]
 [     294.48      675.33]
 [     293.06      673.91]
 [     293.06      648.37]
 [     294.48      646.95]
 [     294.48      627.09]
 [     293.06      625.67]
 [     293.06      607.23]
 [     294.48      605.81]
 [     294.48      597.29]
 [     297.31      594.46]
 [     301.57      594.46]
 [     301.57      581.69]]
