Image_Name: 0c07be32542af4f228edab6d4b010d8f
Class: Hair
Inner Main Points: [(234.3202729676853, 91.76610233179329), (153.23856154088512, 171.7087093721023), (327.80212106912256, 197.23525779606638), (214.9131038523374, 175.70887603878515), (213.46370484934465, 172.3369742039796)]
Mask Points:
[[     140.11      36.725]
 [     140.11      40.963]
 [     137.29      43.787]
 [     134.46      43.787]
 [     133.05        45.2]
 [     130.22        45.2]
 [     128.81      46.612]
 [      127.4      46.612]
 [     124.57      49.438]
 [     121.75      49.438]
 [     120.34       50.85]
 [     118.92       50.85]
 [     117.51      52.263]
 [      116.1      52.263]
 [     113.27      55.088]
 [     111.86      55.088]
 [     109.04      57.912]
 [     107.62      57.912]
 [      104.8      60.737]
 [     103.39      60.737]
 [     97.737      66.387]
 [     96.325      66.387]
 [     86.438      76.275]
 [     86.438      77.688]
 [     85.025        79.1]
 [     83.613        79.1]
 [       82.2      80.512]
 [       82.2      81.925]
 [     75.138      88.988]
 [     75.138        90.4]
 [     69.488       96.05]
 [     69.488      97.463]
 [      65.25       101.7]
 [      65.25      103.11]
 [       59.6      108.76]
 [       59.6      110.18]
 [     58.188      111.59]
 [     58.188         113]
 [      53.95      117.24]
 [      53.95      120.06]
 [     52.538      121.47]
 [     52.538      122.89]
 [       48.3      127.12]
 [       48.3      128.54]
 [     44.062      132.77]
 [     44.062      134.19]
 [     41.237      137.01]
 [     41.237      138.43]
 [         37      142.66]
 [         37      144.07]
 [     35.588      145.49]
 [     35.588       146.9]
 [     34.175      148.31]
 [     28.525      148.31]
 [     28.525      151.14]
 [     35.588      151.14]
 [         37      152.55]
 [      42.65      152.55]
 [     44.062      151.14]
 [     45.475      151.14]
 [     46.888      152.55]
 [     49.713      152.55]
 [     52.538      155.38]
 [     52.538      161.02]
 [     51.125      162.44]
 [     51.125      165.26]
 [     49.713      166.68]
 [     49.713      173.74]
 [       48.3      175.15]
 [       48.3      179.39]
 [     49.713       180.8]
 [     49.713      189.27]
 [     51.125      190.69]
 [     51.125      193.51]
 [     52.538      194.93]
 [     52.538      201.99]
 [      53.95       203.4]
 [      53.95      209.05]
 [     55.362      210.46]
 [     55.362       214.7]
 [     56.775      216.11]
 [     56.775      217.52]
 [     58.188      218.94]
 [     58.188      220.35]
 [       59.6      221.76]
 [       59.6      223.18]
 [     61.013      224.59]
 [     61.013         226]
 [      65.25      230.24]
 [      65.25      231.65]
 [     66.662      233.06]
 [     66.662      234.48]
 [     68.075      235.89]
 [     68.075       237.3]
 [     75.138      244.36]
 [     75.138      245.77]
 [     77.963       248.6]
 [     77.963      251.43]
 [     79.375      252.84]
 [     79.375      255.66]
 [     80.787      257.08]
 [     80.787      258.49]
 [       82.2       259.9]
 [       82.2      261.31]
 [     83.613      262.73]
 [     83.613      264.14]
 [     85.025      265.55]
 [     85.025      266.96]
 [      87.85      269.79]
 [      87.85       271.2]
 [     89.263      272.61]
 [     89.263      275.44]
 [     90.675      276.85]
 [     90.675      279.67]
 [     92.087      281.09]
 [     92.087       282.5]
 [       93.5      283.91]
 [       93.5      285.33]
 [     94.912      286.74]
 [     94.912      289.56]
 [     97.737      292.39]
 [     97.737       293.8]
 [      99.15      295.21]
 [      99.15      296.62]
 [     100.56      298.04]
 [     100.56      299.45]
 [     111.86      310.75]
 [     113.27      310.75]
 [      116.1      313.58]
 [     117.51      313.58]
 [     118.92      314.99]
 [     121.75      314.99]
 [     123.16       316.4]
 [     124.57       316.4]
 [     128.81      320.64]
 [     130.22      320.64]
 [     135.88      326.29]
 [     137.29      326.29]
 [     140.11      329.11]
 [     141.52      329.11]
 [     142.94      330.52]
 [     144.35      330.52]
 [     145.76      331.94]
 [        150      331.94]
 [     151.41      333.35]
 [     154.24      333.35]
 [     155.65      334.76]
 [     158.47      334.76]
 [      161.3      337.59]
 [     164.12      337.59]
 [     165.54         339]
 [     166.95         339]
 [     169.77      341.83]
 [     169.77      346.06]
 [     212.15      346.06]
 [     212.15      341.83]
 [     214.97         339]
 [      217.8         339]
 [     219.21      337.59]
 [     223.45      337.59]
 [     224.86      336.17]
 [      229.1      336.17]
 [     230.51      334.76]
 [     231.93      334.76]
 [     233.34      333.35]
 [     236.16      333.35]
 [     237.57      331.94]
 [     238.99      331.94]
 [      240.4      330.52]
 [     241.81      330.52]
 [     243.22      329.11]
 [     244.64      329.11]
 [     246.05       327.7]
 [     248.88       327.7]
 [     250.29      326.29]
 [      251.7      326.29]
 [     253.11      324.88]
 [     254.52      324.88]
 [     255.94      323.46]
 [     257.35      323.46]
 [     258.76      322.05]
 [     260.17      322.05]
 [        263      319.23]
 [     264.41      319.23]
 [     267.24       316.4]
 [     268.65       316.4]
 [     270.06      314.99]
 [     271.48      314.99]
 [     272.89      313.58]
 [      274.3      313.58]
 [     277.12      310.75]
 [     278.54      310.75]
 [     279.95      309.34]
 [     281.36      309.34]
 [      285.6       305.1]
 [     287.01       305.1]
 [     302.55      289.56]
 [     302.55      288.15]
 [     306.79      283.91]
 [     306.79       282.5]
 [     309.61      279.67]
 [     309.61      278.26]
 [     312.44      275.44]
 [     312.44      274.02]
 [     315.26       271.2]
 [     315.26      269.79]
 [     316.67      268.38]
 [     316.67      266.96]
 [     318.09      265.55]
 [     318.09      264.14]
 [     322.32       259.9]
 [     322.32      258.49]
 [     323.74      257.08]
 [     323.74      255.66]
 [     325.15      254.25]
 [     325.15      252.84]
 [     326.56      251.43]
 [     326.56      250.01]
 [     327.98       248.6]
 [     327.98      245.77]
 [     329.39      244.36]
 [     329.39      235.89]
 [      330.8      234.48]
 [      330.8      227.41]
 [     332.21         226]
 [     332.21      220.35]
 [     333.62      218.94]
 [     333.62      200.57]
 [     335.04      199.16]
 [     335.04      186.45]
 [     336.45      185.04]
 [     336.45      162.44]
 [     340.69       158.2]
 [     343.51       158.2]
 [     344.92      156.79]
 [     346.34       158.2]
 [     347.75       158.2]
 [     349.16      159.61]
 [     360.46      159.61]
 [     356.23      159.61]
 [      353.4      156.79]
 [      353.4      153.96]
 [     351.99      152.55]
 [     351.99       146.9]
 [     350.57      145.49]
 [     350.57      142.66]
 [     349.16      141.25]
 [     349.16      139.84]
 [     347.75      138.43]
 [     347.75      137.01]
 [     343.51      132.77]
 [     343.51      131.36]
 [      342.1      129.95]
 [      342.1      127.12]
 [     340.69      125.71]
 [     340.69      122.89]
 [     333.62      115.82]
 [     333.62      114.41]
 [     332.21      114.41]
 [     329.39      111.59]
 [     329.39      110.18]
 [     323.74      104.53]
 [     323.74      103.11]
 [      319.5      98.875]
 [      319.5      97.463]
 [     316.67      94.637]
 [     316.67      93.225]
 [     302.55        79.1]
 [     301.14        79.1]
 [     295.49       73.45]
 [     294.07       73.45]
 [     289.84      69.213]
 [     288.42      69.213]
 [     287.01        67.8]
 [      285.6        67.8]
 [     281.36      63.562]
 [     279.95      63.562]
 [     278.54       62.15]
 [     277.12       62.15]
 [     275.71      60.737]
 [      274.3      60.737]
 [     271.48      57.912]
 [     270.06      57.912]
 [     268.65        56.5]
 [     265.82        56.5]
 [     264.41      55.088]
 [        263      55.088]
 [     260.17      52.263]
 [     258.76      52.263]
 [     257.35       50.85]
 [     254.52       50.85]
 [     253.11      49.438]
 [      251.7      49.438]
 [     250.29      48.025]
 [     248.88      48.025]
 [     247.46      46.612]
 [     246.05      46.612]
 [     244.64        45.2]
 [      240.4        45.2]
 [     238.99      43.787]
 [     236.16      43.787]
 [     233.34      40.963]
 [     233.34      36.725]]
