Image_Name: aeee1fec50af6f34ab8cdefbd54ff68d
Class: Eye
Inner Main Points: [(258.1199036683769, 243.34200019850573), (249.3289810325183, 242.99211875521496), (255.0954720893521, 249.54049548496047), (247.54626750396184, 245.49098815463262), (245.80920011462365, 239.2181384960516)]
Mask Points:
[[     234.89      207.14]
 [     234.89      258.21]
 [     240.56      258.21]
 [     241.98      259.63]
 [      243.4      259.63]
 [     244.82      261.05]
 [     254.75      261.05]
 [     256.17      259.63]
 [     260.43      259.63]
 [     261.84      258.21]
 [     263.26      258.21]
 [     268.94      252.54]
 [     268.94      251.12]
 [     270.36       249.7]
 [     270.36      248.28]
 [     271.78      246.86]
 [     271.78      244.03]
 [     273.19      242.61]
 [     273.19      241.19]
 [     274.61      239.77]
 [     278.87      239.77]
 [     278.87      222.74]
 [     274.61      222.74]
 [     271.78      219.91]
 [     271.78      217.07]
 [     268.94      214.23]
 [     268.94      212.81]
 [     267.52      211.39]
 [     267.52      207.14]]
