Image_Name: aeee1fec50af6f34ab8cdefbd54ff68d
Class: Leg
Inner Main Points: [(254.42301482281908, 708.5045369842821), (238.99327275788772, 777.6549577016506), (256.0296930305184, 726.0507854362153), (229.62211062347117, 746.0305951747849), (250.65826798588378, 700.1751778796156)]
Mask Points:
[[     212.19      689.51]
 [     212.19      742.01]
 [     216.44      742.01]
 [     217.86      743.43]
 [     217.86      747.68]
 [     219.28       749.1]
 [     219.28      760.45]
 [      220.7      761.87]
 [      220.7       771.8]
 [     222.12      773.22]
 [     222.12      784.57]
 [     223.54      785.99]
 [     223.54      788.83]
 [     224.96      790.24]
 [     226.38      790.24]
 [     227.79      791.66]
 [     236.31      791.66]
 [     237.73      793.08]
 [     256.17      793.08]
 [     257.59      791.66]
 [     260.43      791.66]
 [     261.84      790.24]
 [     264.68      790.24]
 [      266.1      788.83]
 [     268.94      788.83]
 [     273.19      784.57]
 [     273.19      777.48]
 [     274.61      776.06]
 [     274.61      763.29]
 [     276.03      761.87]
 [     276.03      732.08]
 [     277.45      730.66]
 [     277.45      689.51]]
