Image_Name: aeee1fec50af6f34ab8cdefbd54ff68d
Class: Leg
Inner Main Points: [(182.1855237776281, 753.6470113377351), (175.0352919173796, 727.9901299696828), (175.12573897283758, 701.5294329114392), (187.19170806239927, 728.7753058048426), (163.7741237100184, 751.5551575037543)]
Mask Points:
[[     138.41      689.51]
 [     138.41      788.83]
 [     144.09      788.83]
 [     145.51      790.24]
 [     146.93      790.24]
 [     148.34      791.66]
 [      152.6      791.66]
 [     154.02      793.08]
 [     173.88      793.08]
 [      175.3      791.66]
 [     179.56      791.66]
 [     180.98      790.24]
 [     185.23      790.24]
 [     186.65      788.83]
 [     188.07      788.83]
 [     188.07      787.41]
 [     189.49      785.99]
 [     189.49      781.73]
 [     190.91      780.31]
 [     190.91      773.22]
 [     192.33       771.8]
 [     192.33      761.87]
 [     193.74      760.45]
 [     193.74      754.78]
 [     195.16      753.36]
 [     199.42      753.36]
 [     199.42      689.51]
 [     166.79      689.51]
 [     166.79      693.77]
 [     165.37      695.19]
 [     159.69      695.19]
 [     158.28      693.77]
 [     158.28      689.51]]
