Image_Name: aeee1fec50af6f34ab8cdefbd54ff68d
Class: Stock
Inner Main Points: [(174.83279312895206, 817.3579049267988), (166.40159619169214, 811.2752592722509), (154.80000403455435, 802.4775474845015), (176.14763956548998, 807.4301442484239), (162.95552874438235, 802.9298001532202)]
Mask Points:
[[     138.41      791.66]
 [     138.41      815.78]
 [     145.51      815.78]
 [     146.93       817.2]
 [     148.34       817.2]
 [     151.18      820.04]
 [      152.6      820.04]
 [     158.28      825.71]
 [     158.28      827.13]
 [     159.69      828.55]
 [     159.69      829.97]
 [     161.11      831.39]
 [     161.11      832.81]
 [     163.95      835.64]
 [     163.95      841.32]
 [     169.62      841.32]
 [     169.62      837.06]
 [     171.04      835.64]
 [     172.46      835.64]
 [      175.3      832.81]
 [     176.72      832.81]
 [     183.81      825.71]
 [     183.81      824.29]
 [     185.23      822.88]
 [     185.23      821.46]
 [     186.65      820.04]
 [     186.65      811.53]
 [     188.07      810.11]
 [     188.07      791.66]]
