Image_Name: aeee1fec50af6f34ab8cdefbd54ff68d
Class: Stock
Inner Main Points: [(255.52037917694415, 811.0378951959989), (252.04427053651273, 809.9036035919102), (244.45696215821198, 812.4471197225982), (262.82798748273115, 807.6910972158172), (251.6630534216735, 810.1131798028586)]
Mask Points:
[[     229.21      791.66]
 [     229.21      832.81]
 [     233.47      832.81]
 [     234.89      834.23]
 [     236.31      834.23]
 [     239.14      837.06]
 [     239.14      841.32]
 [     240.56      841.32]
 [     240.56      835.64]
 [      243.4      832.81]
 [      243.4      831.39]
 [     246.24      828.55]
 [     246.24      827.13]
 [     249.08      824.29]
 [     250.49      824.29]
 [     251.91      822.88]
 [     254.75      822.88]
 [     256.17      821.46]
 [     260.43      821.46]
 [     261.84      820.04]
 [     278.87      820.04]
 [     278.87      791.66]]
