Image_Name: 2183fcc439ea836b99119e88ed57f692
Class: Leg
Inner Main Points: [(232.94381851163382, 729.9240549999333), (240.32394651839692, 754.4899953709426), (223.97752800278153, 777.5190877061966), (223.81932644551225, 736.3415589530667), (234.0594623434191, 753.373893612178)]
Mask Points:
[[     198.02      703.42]
 [     198.02      805.12]
 [     202.26      805.12]
 [     203.68      806.54]
 [      206.5      806.54]
 [     207.91      807.95]
 [     243.22      807.95]
 [     244.64      806.54]
 [     250.29      806.54]
 [     253.11      803.71]
 [     253.11      796.65]
 [     254.52      795.24]
 [     254.52      785.35]
 [     255.94      783.94]
 [     255.94       768.4]
 [     257.35      766.99]
 [     257.35      730.26]
 [     255.94      728.85]
 [     255.94      727.44]
 [     254.52      726.03]
 [     254.52       723.2]
 [     253.11      721.79]
 [     253.11      720.38]
 [      251.7      718.96]
 [      251.7      717.55]
 [     250.29      716.14]
 [     250.29      703.42]]
