Image_Name: 2183fcc439ea836b99119e88ed57f692
Class: Leg
Inner Main Points: [(130.92059743385573, 739.809564813152), (123.2319936537443, 752.7710375536274), (128.6432025780102, 726.5863261350135), (125.64085017295008, 779.9278660828049), (136.59730472478176, 778.9284900285351)]
Mask Points:
[[     107.62      703.42]
 [     107.62      799.47]
 [     113.27      799.47]
 [     114.69      800.89]
 [     121.75      800.89]
 [     123.16       802.3]
 [      127.4       802.3]
 [     128.81      803.71]
 [      138.7      803.71]
 [     140.11      805.12]
 [     140.11      809.36]
 [     157.06      809.36]
 [     157.06      805.12]
 [     158.47      803.71]
 [     158.47       802.3]
 [     159.89      800.89]
 [     159.89      798.06]
 [      161.3      796.65]
 [      161.3      793.83]
 [     162.71      792.41]
 [     162.71      788.17]
 [     164.12      786.76]
 [     164.12      782.53]
 [     165.54      781.11]
 [     165.54      775.46]
 [     166.95      774.05]
 [     166.95      737.33]
 [     168.36      735.91]
 [     168.36       723.2]
 [     166.95      721.79]
 [     166.95       711.9]
 [     169.77      709.08]
 [     174.01      709.08]
 [     174.01      703.42]
 [     159.89      703.42]
 [     159.89      707.66]
 [     158.47      709.08]
 [     157.06      709.08]
 [     155.65      707.66]
 [     155.65      703.42]]
