Image_Name: 2183fcc439ea836b99119e88ed57f692
Class: Shoe
Inner Main Points: [(183.714168923968, 663.1626380856319), (228.2074808902086, 645.658234118662), (132.01315173465827, 673.0612076558293), (225.25714800362374, 620.0561441075423), (127.9207975278754, 663.6335835370827)]
Mask Points:
[[     109.04      590.42]
 [     109.04      601.72]
 [     107.62      603.14]
 [     107.62      604.55]
 [     106.21      605.96]
 [     106.21      611.61]
 [      104.8      613.03]
 [      104.8      620.09]
 [     103.39       621.5]
 [     103.39      634.21]
 [     101.97      635.62]
 [     101.97      637.04]
 [     100.56      638.45]
 [     96.325      638.45]
 [     96.325      694.95]
 [     103.39      694.95]
 [      104.8      696.36]
 [     106.21      696.36]
 [     107.62      697.78]
 [     110.45      697.78]
 [     111.86      699.19]
 [     114.69      699.19]
 [      116.1       700.6]
 [     118.92       700.6]
 [     120.34      702.01]
 [     121.75      702.01]
 [     123.16      703.42]
 [     120.34      706.25]
 [     120.34      713.31]
 [     141.52      713.31]
 [     141.52      706.25]
 [     140.11      704.84]
 [      138.7      704.84]
 [     137.29      703.42]
 [      138.7      702.01]
 [     151.41      702.01]
 [     152.82       700.6]
 [     157.06       700.6]
 [     158.47      699.19]
 [     159.89      699.19]
 [      161.3      697.78]
 [     164.12      697.78]
 [     165.54      696.36]
 [     165.54      694.95]
 [     174.01      686.47]
 [     181.07      693.54]
 [     182.49      693.54]
 [     185.31      696.36]
 [     186.72      696.36]
 [     188.14      697.78]
 [     190.96      697.78]
 [     192.38      699.19]
 [     193.79      699.19]
 [      195.2       700.6]
 [     196.61       700.6]
 [     198.02      702.01]
 [     199.44      702.01]
 [     200.85      703.42]
 [     205.09      703.42]
 [      206.5      704.84]
 [     210.74      704.84]
 [     212.15      706.25]
 [     224.86      706.25]
 [     226.27      707.66]
 [     227.69      707.66]
 [      229.1      709.08]
 [      229.1      713.31]
 [     241.81      713.31]
 [     241.81      709.08]
 [     246.05      704.84]
 [     246.05      703.42]
 [     247.46      702.01]
 [     250.29      702.01]
 [      251.7       700.6]
 [     254.52       700.6]
 [     255.94      699.19]
 [     258.76      699.19]
 [        263      694.95]
 [     264.41      694.95]
 [     265.82      693.54]
 [     267.24      693.54]
 [     271.48       689.3]
 [     275.71       689.3]
 [     275.71      642.69]
 [     271.48      642.69]
 [     270.06      641.28]
 [     270.06      637.04]
 [     268.65      635.62]
 [     268.65      628.56]
 [     267.24      627.15]
 [     267.24      620.09]
 [     265.82      618.67]
 [     265.82       610.2]
 [     264.41      608.79]
 [     264.41      600.31]
 [        263       598.9]
 [        263      590.42]
 [     238.99      590.42]
 [     238.99      594.66]
 [     237.57      596.08]
 [     236.16      596.08]
 [     234.75      597.49]
 [      229.1      597.49]
 [     227.69       598.9]
 [     220.62       598.9]
 [     219.21      600.31]
 [     216.39      600.31]
 [     214.97      601.72]
 [     207.91      601.72]
 [      206.5      603.14]
 [     200.85      603.14]
 [     199.44      604.55]
 [     188.14      604.55]
 [     186.72      605.96]
 [     159.89      605.96]
 [     158.47      604.55]
 [     144.35      604.55]
 [     142.94      603.14]
 [     137.29      603.14]
 [     135.88      601.72]
 [     133.05      601.72]
 [     130.22       598.9]
 [     128.81       598.9]
 [      127.4      597.49]
 [     124.57      597.49]
 [     121.75      594.66]
 [     121.75      590.42]]
