Image_Name: 2183fcc439ea836b99119e88ed57f692
Class: Stock
Inner Main Points: [(134.84211728674066, 816.1680433090704), (124.51847773969983, 817.3690965687372), (122.71763437154499, 818.2680594591069), (126.57356870296523, 814.7651739542032), (128.5198624698354, 816.5747041495708)]
Mask Points:
[[     107.62      799.47]
 [     107.62      841.85]
 [     113.27      841.85]
 [     117.51      837.61]
 [     118.92      837.61]
 [     120.34       836.2]
 [     121.75       836.2]
 [     124.57      833.38]
 [     128.81      833.38]
 [     130.22      831.96]
 [     142.94      831.96]
 [     144.35      833.38]
 [     145.76      833.38]
 [     147.18      834.79]
 [     152.82      834.79]
 [     152.82      833.38]
 [     154.24      831.96]
 [     154.24      827.72]
 [     155.65      826.31]
 [     155.65      823.49]
 [     157.06      822.08]
 [     157.06      812.19]
 [     155.65      810.78]
 [     155.65      807.95]
 [     154.24      806.54]
 [     154.24      805.12]
 [     152.82      803.71]
 [     152.82      799.47]]
