Image_Name: 2183fcc439ea836b99119e88ed57f692
Class: Stock
Inner Main Points: [(229, 829)]
Mask Points:
[[     203.68      810.78]
 [     203.68      840.44]
 [     212.15      840.44]
 [     213.56      839.03]
 [     216.39      839.03]
 [      217.8      837.61]
 [     222.04      837.61]
 [     223.45       836.2]
 [     238.99       836.2]
 [      240.4      837.61]
 [     243.22      837.61]
 [     244.64      839.03]
 [     246.05      839.03]
 [     248.88      841.85]
 [     250.29      841.85]
 [     253.11      844.67]
 [     253.11      848.91]
 [     255.94      848.91]
 [     255.94      844.67]
 [     257.35      843.26]
 [     257.35       836.2]
 [     255.94      834.79]
 [     255.94      830.55]
 [     254.52      829.14]
 [     254.52      823.49]
 [     253.11      822.08]
 [     253.11      810.78]]
