Image_Name: 2183fcc439ea836b99119e88ed57f692
Class: Upper_clothes
Inner Main Points: [(163.21708321825068, 483.91174901175634), (210.19305193429489, 446.0524082008823), (226.31843772020088, 438.98726743634444), (238.91434471941096, 389.3571881328123), (230.63441026607327, 470.32387169082637)]
Mask Points:
[[     155.65      347.48]
 [     155.65      353.12]
 [        150      358.77]
 [     148.59      358.77]
 [     144.35      363.01]
 [     142.94      363.01]
 [      138.7      367.25]
 [     137.29      367.25]
 [     135.88      368.66]
 [     134.46      368.66]
 [     130.22       372.9]
 [     128.81       372.9]
 [     125.99      375.73]
 [     124.57      375.73]
 [     120.34      379.96]
 [     118.92      379.96]
 [     111.86      387.02]
 [     111.86      388.44]
 [     110.45      389.85]
 [     110.45      391.26]
 [     107.62      394.09]
 [     107.62       395.5]
 [     106.21      396.91]
 [     106.21      399.74]
 [      104.8      401.15]
 [      104.8      402.56]
 [     101.97      405.39]
 [     101.97      408.21]
 [     100.56      409.62]
 [     100.56      411.04]
 [      99.15      412.45]
 [      99.15      413.86]
 [     97.737      415.27]
 [     97.737      416.69]
 [     96.325       418.1]
 [     96.325      419.51]
 [     94.912      420.92]
 [     94.912      423.75]
 [       93.5      425.16]
 [       93.5      426.58]
 [     92.087      427.99]
 [     92.087       429.4]
 [     90.675      430.81]
 [     90.675      435.05]
 [     89.263      436.46]
 [     89.263      439.29]
 [      87.85       440.7]
 [      87.85      442.11]
 [     86.438      443.52]
 [     86.438      446.35]
 [     85.025      447.76]
 [     85.025      450.59]
 [     83.613         452]
 [     83.613      453.41]
 [       82.2      454.83]
 [       82.2      457.65]
 [     80.787      459.06]
 [     80.787      461.89]
 [     79.375       463.3]
 [     79.375      466.12]
 [     77.963      467.54]
 [     77.963      470.36]
 [      76.55      471.77]
 [      76.55       474.6]
 [     73.725      477.42]
 [     73.725      481.66]
 [     72.312      483.08]
 [     72.312       485.9]
 [     69.488      488.73]
 [     69.488      491.55]
 [     68.075      492.96]
 [     68.075      494.38]
 [     66.662      495.79]
 [     66.662      498.61]
 [      65.25      500.02]
 [      65.25      502.85]
 [     63.838      504.26]
 [     63.838      505.67]
 [     62.425      507.09]
 [     62.425       508.5]
 [     61.013      509.91]
 [     61.013      512.74]
 [       59.6      514.15]
 [       59.6      515.56]
 [     58.188      516.97]
 [     58.188      518.39]
 [     56.775       519.8]
 [     56.775      521.21]
 [     55.362      522.62]
 [     55.362      525.45]
 [      53.95      526.86]
 [      53.95      528.28]
 [     49.713      532.51]
 [     45.475      532.51]
 [     45.475      581.95]
 [     49.713      581.95]
 [     51.125      583.36]
 [     51.125      590.42]
 [     52.538      591.84]
 [     52.538      594.66]
 [      53.95      596.08]
 [     56.775      596.08]
 [     58.188      597.49]
 [     61.013      597.49]
 [     62.425       598.9]
 [     68.075       598.9]
 [     69.488      600.31]
 [     73.725      600.31]
 [     75.138      601.72]
 [     86.438      601.72]
 [      87.85      600.31]
 [     90.675      600.31]
 [     92.087       598.9]
 [     94.912       598.9]
 [     96.325      597.49]
 [     97.737      597.49]
 [     101.97      593.25]
 [     103.39      593.25]
 [      104.8      591.84]
 [     109.04      591.84]
 [     110.45      593.25]
 [     111.86      593.25]
 [     113.27      594.66]
 [     114.69      594.66]
 [      116.1      596.08]
 [     117.51      596.08]
 [     118.92      597.49]
 [     123.16      597.49]
 [     124.57       598.9]
 [      127.4       598.9]
 [     128.81      600.31]
 [     131.64      600.31]
 [     133.05      601.72]
 [      138.7      601.72]
 [     140.11      603.14]
 [     155.65      603.14]
 [     157.06      604.55]
 [     162.71      604.55]
 [     164.12      603.14]
 [     169.77      603.14]
 [     171.19      601.72]
 [      172.6      601.72]
 [     174.01      600.31]
 [     175.43      600.31]
 [     176.84      601.72]
 [     179.66      601.72]
 [     181.07      603.14]
 [     200.85      603.14]
 [     202.26      601.72]
 [     207.91      601.72]
 [     209.32      600.31]
 [     210.74      600.31]
 [     214.97      596.08]
 [     224.86      596.08]
 [     226.27      594.66]
 [     236.16      594.66]
 [     237.57      593.25]
 [     243.22      593.25]
 [     244.64      591.84]
 [     255.94      591.84]
 [     257.35      590.42]
 [     261.59      590.42]
 [     265.82      586.19]
 [     265.82      583.36]
 [     267.24      581.95]
 [     267.24      579.12]
 [     268.65      577.71]
 [     268.65      574.89]
 [     270.06      573.47]
 [     270.06      572.06]
 [     271.48      570.65]
 [     271.48      569.24]
 [     275.71         565]
 [     277.12         565]
 [     292.66      580.54]
 [     294.07      580.54]
 [      296.9      583.36]
 [     299.73      583.36]
 [     301.14      584.78]
 [     302.55      584.78]
 [     315.26      597.49]
 [     320.91      597.49]
 [     322.32      596.08]
 [     323.74      596.08]
 [     327.98      591.84]
 [     329.39      591.84]
 [      330.8      590.42]
 [     332.21      590.42]
 [     339.27      583.36]
 [     339.27      581.95]
 [     344.92       576.3]
 [     344.92      574.89]
 [     346.34      573.47]
 [     346.34      570.65]
 [     344.92      569.24]
 [     344.92      563.59]
 [     343.51      562.17]
 [     343.51      560.76]
 [     344.92      559.35]
 [     344.92      535.34]
 [     343.51      533.92]
 [     343.51      528.28]
 [      342.1      526.86]
 [      342.1      525.45]
 [     340.69      524.04]
 [     340.69      522.62]
 [     339.27      521.21]
 [     339.27       519.8]
 [     337.86      518.39]
 [     337.86      516.97]
 [     335.04      514.15]
 [     335.04      512.74]
 [     333.62      511.33]
 [     333.62      509.91]
 [     332.21       508.5]
 [     332.21      507.09]
 [     329.39      504.26]
 [     329.39      502.85]
 [     327.98      501.44]
 [     327.98      500.02]
 [     326.56      498.61]
 [     326.56       497.2]
 [     323.74      494.38]
 [     323.74      492.96]
 [     322.32      491.55]
 [     322.32      490.14]
 [     320.91      488.73]
 [     320.91      487.31]
 [     318.09      484.49]
 [     318.09      483.08]
 [     316.67      481.66]
 [     316.67      480.25]
 [     315.26      478.84]
 [     315.26      477.42]
 [     313.85      476.01]
 [     313.85       474.6]
 [     312.44      473.19]
 [     312.44      471.77]
 [     311.02      470.36]
 [     311.02      468.95]
 [     309.61      467.54]
 [     309.61      466.12]
 [     306.79       463.3]
 [     306.79      461.89]
 [     305.38      460.48]
 [     305.38      459.06]
 [     303.96      457.65]
 [     303.96      456.24]
 [     302.55      454.83]
 [     302.55      453.41]
 [     301.14         452]
 [     301.14      450.59]
 [     299.73      449.17]
 [     299.73      447.76]
 [     298.31      446.35]
 [     298.31      444.94]
 [     295.49      442.11]
 [     295.49       440.7]
 [     294.07      439.29]
 [     294.07      437.88]
 [     289.84      433.64]
 [     289.84      432.23]
 [     288.42      430.81]
 [     288.42      426.58]
 [     284.19      422.34]
 [     284.19      420.92]
 [     282.77      419.51]
 [     282.77       418.1]
 [     281.36      416.69]
 [     281.36      415.27]
 [     277.12      411.04]
 [     277.12       406.8]
 [     275.71      405.39]
 [     275.71      403.98]
 [      274.3      403.98]
 [      274.3      411.04]
 [     275.71      412.45]
 [     275.71       418.1]
 [     277.12      419.51]
 [     277.12      420.92]
 [     279.95      423.75]
 [     279.95      427.99]
 [     281.36       429.4]
 [     281.36      432.23]
 [     284.19      435.05]
 [     284.19      436.46]
 [      285.6      437.88]
 [      285.6      446.35]
 [     284.19      447.76]
 [     284.19      450.59]
 [     282.77         452]
 [     282.77      453.41]
 [     281.36      454.83]
 [     268.65      454.83]
 [     267.24      456.24]
 [     265.82      456.24]
 [     264.41      457.65]
 [        263      457.65]
 [     261.59      459.06]
 [     260.17      459.06]
 [     258.76      460.48]
 [     258.76      461.89]
 [     257.35       463.3]
 [     257.35      464.71]
 [     254.52      467.54]
 [      251.7      464.71]
 [      251.7      444.94]
 [     253.11      443.52]
 [     253.11      433.64]
 [     254.52      432.23]
 [     254.52      427.99]
 [     255.94      426.58]
 [     255.94      423.75]
 [     257.35      422.34]
 [     257.35       418.1]
 [     258.76      416.69]
 [     258.76      402.56]
 [     257.35      401.15]
 [     257.35      392.67]
 [     258.76      391.26]
 [     258.76      388.44]
 [     260.17      387.02]
 [     258.76      385.61]
 [     258.76       384.2]
 [     250.29      375.73]
 [     248.88      375.73]
 [     246.05       372.9]
 [     244.64       372.9]
 [     241.81      370.08]
 [      240.4      370.08]
 [     238.99      368.66]
 [     237.57      368.66]
 [     224.86      355.95]
 [     223.45      355.95]
 [     222.04      354.54]
 [     220.62      354.54]
 [      217.8      351.71]
 [      217.8      347.48]
 [     182.49      347.48]
 [     182.49      351.71]
 [     181.07      353.12]
 [     179.66      351.71]
 [     179.66      347.48]]
