Image_Name: 742d2d68cd70bee9a207dbe268d72aae
Class: Pants
Inner Main Points: [(243.2626127216842, 601.9076986539502), (160.48772212589103, 592.189787769298), (238.58240567670924, 651.2906145929984), (226.61440368194923, 624.2656689644084), (241.29191575371652, 587.6602803206605)]
Mask Points:
[[     124.83       568.6]
 [     124.83       682.6]
 [     159.17       682.6]
 [     159.17      678.48]
 [     160.54       677.1]
 [     166.04       677.1]
 [     167.41      675.73]
 [      240.2      675.73]
 [     241.58      674.36]
 [     242.95      674.36]
 [     244.32      672.98]
 [     249.82      672.98]
 [     249.82       568.6]]
