Image_Name: b11202483d09639f88f215192339c32f
Class: Ear
Inner Main Points: [(235.58821263607177, 220.36127748074009), (241.18040650234818, 222.92780107087106), (248.45897686909785, 228.4169410735351), (245.9427580020192, 259.06704627701765), (242.20763093877392, 249.70937991466886)]
Mask Points:
[[     220.97      206.02]
 [     220.97      210.14]
 [     216.85      214.26]
 [     216.85      215.63]
 [     212.73      219.75]
 [     207.24      219.75]
 [     207.24      233.48]
 [     211.36      233.48]
 [     216.85      238.98]
 [     216.85      240.35]
 [     218.23      241.72]
 [     218.23      247.22]
 [      219.6      248.59]
 [      219.6      254.09]
 [     220.97      255.46]
 [     220.97      259.58]
 [     222.35      260.95]
 [     222.35      270.57]
 [      219.6      273.31]
 [      219.6      274.69]
 [     218.23      276.06]
 [     218.23      277.43]
 [     216.85      278.81]
 [     216.85      280.18]
 [     215.48      281.55]
 [     215.48      292.54]
 [     227.84      292.54]
 [     227.84      288.42]
 [     229.22      287.05]
 [     230.59      287.05]
 [     231.96      285.67]
 [     237.46      285.67]
 [     238.83       284.3]
 [     241.58       284.3]
 [     242.95      282.93]
 [     244.32      282.93]
 [      245.7      281.55]
 [     248.44      281.55]
 [     251.19      278.81]
 [     252.56      278.81]
 [     255.31      276.06]
 [     256.68      276.06]
 [     263.55      269.19]
 [     263.55      267.82]
 [      266.3      265.07]
 [      266.3       263.7]
 [     267.67      262.33]
 [     267.67      259.58]
 [     269.05      258.21]
 [     269.05      255.46]
 [     270.42      254.09]
 [     270.42      236.23]
 [     269.05      234.86]
 [     269.05      230.74]
 [     267.67      229.36]
 [     267.67      226.62]
 [      266.3      225.24]
 [      266.3      223.87]
 [     264.92       222.5]
 [     264.92      221.12]
 [     262.18      218.38]
 [     262.18         217]
 [     256.68      211.51]
 [     256.68      206.02]]
