Image_Name: b11202483d09639f88f215192339c32f
Class: Eye
Inner Main Points: [(110.11875023658806, 230.10785869012238), (110.2400739803328, 229.68514437287925), (107.43295095748779, 223.47474066894114), (108.29465382230208, 232.40551037159707), (110.67004930702439, 232.63413058834047)]
Mask Points:
[[     97.366      189.53]
 [     97.366      240.35]
 [     101.49      240.35]
 [     106.98      245.85]
 [      111.1      245.85]
 [     112.47      247.22]
 [     113.85      245.85]
 [     115.22      245.85]
 [     116.59      244.47]
 [     116.59       243.1]
 [     119.34      240.35]
 [     123.46      240.35]
 [     123.46      219.75]
 [     119.34      219.75]
 [     117.97      218.38]
 [     117.97      215.63]
 [     116.59      214.26]
 [     116.59      207.39]
 [     115.22      206.02]
 [     115.22       201.9]
 [     113.85      200.52]
 [     113.85      197.77]
 [     112.47       196.4]
 [     112.47      189.53]]
