Image_Name: b11202483d09639f88f215192339c32f
Class: Face
Inner Main Points: [(180.31772232399962, 284.76377619076027), (120.28921815429811, 161.14397078537337), (165.636462484984, 246.59158004536653), (154.0241397554245, 266.5250767165123), (109.90016259535501, 261.38163982151457)]
Mask Points:
[[      131.7      85.153]
 [      131.7      89.273]
 [     128.95       92.02]
 [     127.58       92.02]
 [     124.83      94.767]
 [     123.46      94.767]
 [     122.09      96.141]
 [     120.71      96.141]
 [     117.97      98.887]
 [     116.59      98.887]
 [     115.22      100.26]
 [     113.85      100.26]
 [      111.1      103.01]
 [     109.73      103.01]
 [     106.98      105.75]
 [     105.61      105.75]
 [     104.23      107.13]
 [     102.86      107.13]
 [     98.739      111.25]
 [     97.366      111.25]
 [     85.005      123.61]
 [     85.005      124.98]
 [     80.884       129.1]
 [     80.884      130.48]
 [     79.511      131.85]
 [     79.511      133.22]
 [     78.137       134.6]
 [     78.137      135.97]
 [     76.764      137.34]
 [     76.764      138.72]
 [     75.391      140.09]
 [     75.391      144.21]
 [     74.017      145.58]
 [     74.017      146.96]
 [     72.644      148.33]
 [     72.644      151.08]
 [      71.27      152.45]
 [      71.27      157.95]
 [     69.897      159.32]
 [     69.897      160.69]
 [     68.523      162.07]
 [     64.403      162.07]
 [     64.403      189.53]
 [     68.523      189.53]
 [     69.897      190.91]
 [     69.897      195.03]
 [      71.27       196.4]
 [      71.27      203.27]
 [     72.644      204.64]
 [     72.644      210.14]
 [     74.017      211.51]
 [     74.017         217]
 [     75.391      218.38]
 [     75.391       237.6]
 [     74.017      238.98]
 [     74.017      240.35]
 [     69.897      244.47]
 [     64.403      244.47]
 [     64.403       284.3]
 [     69.897       284.3]
 [      71.27      285.67]
 [      71.27      287.05]
 [     74.017       289.8]
 [     74.017      291.17]
 [     79.511      296.66]
 [     79.511      298.04]
 [     82.258      300.78]
 [     82.258      302.16]
 [     86.378      306.28]
 [     86.378      307.65]
 [     97.366      318.64]
 [     98.739      318.64]
 [     101.49      321.38]
 [     102.86      321.38]
 [     104.23      322.76]
 [     105.61      322.76]
 [     106.98      324.13]
 [     108.35      324.13]
 [      111.1      326.88]
 [      111.1         331]
 [     139.94         331]
 [     139.94      326.88]
 [     141.32       325.5]
 [     142.69       325.5]
 [     144.06      324.13]
 [     146.81      324.13]
 [     148.18      322.76]
 [     150.93      322.76]
 [      152.3      321.38]
 [     153.68      321.38]
 [     155.05      320.01]
 [     156.42      320.01]
 [      157.8      318.64]
 [     159.17      318.64]
 [     160.54      317.26]
 [     161.92      317.26]
 [     163.29      315.89]
 [     164.66      315.89]
 [     166.04      314.52]
 [     168.78      314.52]
 [     170.16      313.14]
 [      172.9      313.14]
 [     174.28      311.77]
 [     177.02      311.77]
 [      178.4       310.4]
 [     181.15       310.4]
 [     182.52      309.02]
 [     183.89      309.02]
 [     185.27      307.65]
 [     186.64      307.65]
 [     188.01      306.28]
 [     189.39      306.28]
 [     190.76       304.9]
 [     192.13       304.9]
 [     194.88      302.16]
 [     196.25      302.16]
 [        199      299.41]
 [     200.37      299.41]
 [     203.12      296.66]
 [     204.49      296.66]
 [     207.24      293.92]
 [     208.61      293.92]
 [     215.48      287.05]
 [     215.48      280.18]
 [     216.85      278.81]
 [     216.85      276.06]
 [     218.23      274.69]
 [     218.23      273.31]
 [     220.97      270.57]
 [     220.97      262.33]
 [      219.6      260.95]
 [      219.6      252.71]
 [     218.23      251.34]
 [     218.23      241.72]
 [     216.85      240.35]
 [     216.85       237.6]
 [     212.73      233.48]
 [     212.73      232.11]
 [     209.99      229.36]
 [     209.99      226.62]
 [     208.61      225.24]
 [     208.61       222.5]
 [     207.24      221.12]
 [     207.24      219.75]
 [     204.49         217]
 [     204.49      215.63]
 [     203.12      214.26]
 [     203.12      212.88]
 [     200.37      210.14]
 [     200.37      208.76]
 [        199      207.39]
 [        199      206.02]
 [     196.25      203.27]
 [     196.25       201.9]
 [     194.88      200.52]
 [     194.88      197.77]
 [     193.51       196.4]
 [     193.51      192.28]
 [     192.13      190.91]
 [     192.13      188.16]
 [     189.39      185.41]
 [     189.39      184.04]
 [     183.89      178.55]
 [     182.52      178.55]
 [     166.04      162.07]
 [     166.04      159.32]
 [     164.66      157.95]
 [     164.66      156.57]
 [     163.29       155.2]
 [     163.29      152.45]
 [     164.66      151.08]
 [     161.92      148.33]
 [     161.92      145.58]
 [     160.54      144.21]
 [     160.54      142.84]
 [      157.8      140.09]
 [      157.8      138.72]
 [     156.42      137.34]
 [     156.42      135.97]
 [     153.68      133.22]
 [     153.68      131.85]
 [     150.93       129.1]
 [     150.93      126.36]
 [     149.56      124.98]
 [     149.56      122.24]
 [     148.18      120.86]
 [     148.18      118.12]
 [     146.81      116.74]
 [     146.81      111.25]
 [     145.44      109.88]
 [     145.44      100.26]
 [     144.06      98.887]
 [     144.06      90.647]
 [     142.69      89.273]
 [     142.69      85.153]]
