Image_Name: b11202483d09639f88f215192339c32f
Class: Lower_clothes
Inner Main Points: [(199.38169948165392, 651.1832206772067), (217.96647665542972, 623.1318800576939), (206.38820264840635, 586.0073484306839), (239.0813268485126, 581.0364490061814), (178.60545434121317, 662.0216707463234)]
Mask Points:
[[     124.83       568.6]
 [     124.83      667.49]
 [     128.95      667.49]
 [      131.7      670.24]
 [     133.07      670.24]
 [     134.45      671.61]
 [     135.82      671.61]
 [      137.2      672.98]
 [     144.06      672.98]
 [     145.44      674.36]
 [     153.68      674.36]
 [     155.05      672.98]
 [     201.75      672.98]
 [     203.12      671.61]
 [     226.47      671.61]
 [     227.84      670.24]
 [     231.96      670.24]
 [     233.34      668.86]
 [     234.71      668.86]
 [     236.08      667.49]
 [     237.46      667.49]
 [     238.83      666.12]
 [     238.83      664.74]
 [      240.2      663.37]
 [      240.2      655.13]
 [     241.58      653.76]
 [     241.58      640.02]
 [     242.95      638.65]
 [     242.95       615.3]
 [     244.32      613.93]
 [     244.32      607.06]
 [      245.7      605.69]
 [     249.82      605.69]
 [     249.82       568.6]
 [     200.37       568.6]
 [     200.37       574.1]
 [        199      575.47]
 [     197.63      575.47]
 [     196.25      576.84]
 [     196.25      578.22]
 [     193.51      580.96]
 [     193.51      582.34]
 [     192.13      583.71]
 [     192.13      596.07]
 [     190.76      597.45]
 [     190.76      604.31]
 [     189.39      605.69]
 [     189.39      607.06]
 [     190.76      608.43]
 [     190.76      611.18]
 [     192.13      612.55]
 [     193.51      612.55]
 [     197.63      616.67]
 [        199      616.67]
 [     203.12      620.79]
 [     203.12      626.29]
 [     197.63      631.78]
 [     197.63      633.15]
 [     196.25      634.53]
 [     196.25       635.9]
 [     194.88      637.27]
 [     194.88      638.65]
 [     190.76      642.77]
 [     188.01      642.77]
 [     186.64      644.14]
 [     182.52      644.14]
 [     181.15      642.77]
 [      178.4      642.77]
 [      172.9      637.27]
 [     170.16      637.27]
 [     168.78       635.9]
 [     167.41       635.9]
 [     163.29      640.02]
 [     160.54      640.02]
 [     159.17      638.65]
 [      157.8      638.65]
 [     155.05       635.9]
 [     153.68       635.9]
 [      152.3      634.53]
 [      152.3      633.15]
 [     144.06      624.91]
 [     144.06      623.54]
 [     142.69      622.17]
 [     142.69      620.79]
 [     141.32      619.42]
 [     141.32      616.67]
 [     139.94       615.3]
 [     139.94      608.43]
 [     141.32      607.06]
 [     141.32      602.94]
 [     142.69      601.57]
 [     142.69      600.19]
 [     144.06      598.82]
 [     144.06      597.45]
 [     145.44      596.07]
 [     145.44      593.33]
 [     146.81      591.95]
 [     146.81       589.2]
 [     148.18      587.83]
 [     148.18      586.46]
 [     149.56      585.08]
 [     149.56      579.59]
 [     145.44      575.47]
 [     142.69      575.47]
 [     141.32       574.1]
 [     139.94       574.1]
 [     138.57      572.72]
 [     138.57       568.6]]
