Image_Name: 13f80ff7bdf28c488d6ae70cb9a03c6a
Class: Leg
Inner Main Points: [(176.62914317721783, 699.3501362359303), (200.8548877848228, 712.23506632113), (202.4071448359351, 710.5283447931982), (186.99579517507323, 752.9337384362173), (199.1742559333594, 695.6422233175794)]
Mask Points:
[[      157.8      678.48]
 [      157.8      715.56]
 [     161.92      715.56]
 [     164.66      718.31]
 [     164.66       723.8]
 [     166.04      725.17]
 [     166.04      734.79]
 [     167.41      736.16]
 [     167.41       749.9]
 [     168.78      751.27]
 [     168.78      762.26]
 [     170.16      763.63]
 [     170.16      771.87]
 [     171.53      773.25]
 [     171.53      775.99]
 [      172.9      777.37]
 [     181.15      777.37]
 [     182.52      778.74]
 [     209.99      778.74]
 [     211.36      777.37]
 [     215.48      777.37]
 [     216.85      775.99]
 [     220.97      775.99]
 [     222.35      774.62]
 [     223.72      774.62]
 [     226.47      771.87]
 [     226.47      727.92]
 [      225.1      726.55]
 [      225.1      722.43]
 [     223.72      721.05]
 [     223.72      714.19]
 [     222.35      712.81]
 [     222.35      678.48]]
