Image_Name: 1724159505644
Class: Pants
Inner Main Points: [(162.20300984494565, 674.3296034737714), (161.00566194423823, 621.057112168897), (156.25158255967006, 628.4720364347055), (254.1958960930997, 632.1255011714034), (205.81407294319484, 689.7855975754849)]
Mask Points:
[[     121.39      581.69]
 [     121.39      699.44]
 [     244.82      699.44]
 [     244.82      695.19]
 [     246.24      693.77]
 [     261.84      693.77]
 [     263.26      692.35]
 [     285.96      692.35]
 [     293.06      685.26]
 [     293.06      683.84]
 [     294.48      682.42]
 [     294.48      675.33]
 [     293.06      673.91]
 [     293.06      648.37]
 [     294.48      646.95]
 [     294.48      627.09]
 [     293.06      625.67]
 [     293.06      607.23]
 [     294.48      605.81]
 [     294.48      597.29]
 [     297.31      594.46]
 [     301.57      594.46]
 [     301.57      581.69]]
