Image_Name: 6e0a0420cf872db24a3d5d614ff317e3
Class: Pants
Inner Main Points: [(187.3157612593581, 627.007617099689), (165.99684362925882, 660.6081417753772), (213.16519217699374, 612.4370550653764), (220.83791820638595, 607.4120717552895), (142.95718926399513, 628.6372705278862)]
Mask Points:
[[     124.83       568.6]
 [     124.83       682.6]
 [     159.17       682.6]
 [     159.17      678.48]
 [     160.54       677.1]
 [     166.04       677.1]
 [     167.41      675.73]
 [      240.2      675.73]
 [     241.58      674.36]
 [     242.95      674.36]
 [     244.32      672.98]
 [     249.82      672.98]
 [     249.82       568.6]]
