Image_Name: 4ae6832d4bd2d58853cc3503072ea2fa
Class: Eye
Inner Main Points: [(154.87185725893806, 239.81813454669592), (152.1431441208481, 252.1040809844456), (140.9402367984676, 233.9980478469107), (145.57751731002566, 244.0421206810199), (147.82590220734974, 259.14568329491163)]
Mask Points:
[[     132.74      212.81]
 [     132.74      217.07]
 [     131.32      218.49]
 [     127.06      218.49]
 [     127.06      259.63]
 [     131.32      259.63]
 [     134.16      262.47]
 [     134.16      263.89]
 [     139.83      269.56]
 [     139.83      273.82]
 [     155.44      273.82]
 [     155.44      269.56]
 [     161.11      263.89]
 [     161.11      262.47]
 [     162.53      261.05]
 [     162.53      259.63]
 [     163.95      258.21]
 [     163.95      253.96]
 [     165.37      252.54]
 [     165.37      245.44]
 [     166.79      244.03]
 [     171.04      244.03]
 [     171.04      241.19]
 [     166.79      241.19]
 [     165.37      239.77]
 [     165.37      235.51]
 [     163.95      234.09]
 [     163.95      228.42]
 [     162.53         227]
 [     162.53      222.74]
 [     159.69      219.91]
 [     159.69      218.49]
 [     158.28      217.07]
 [     158.28      212.81]]
