Image_Name: 4ae6832d4bd2d58853cc3503072ea2fa
Class: Face
Inner Main Points: [(187.23441833639046, 228.9184495805394), (114.2171881531073, 268.21875414753094), (285.7004289019243, 272.017234794464), (101.45898400310617, 207.93484506624958), (232.3291549835242, 259.06376688285786)]
Mask Points:
[[     229.21      93.638]
 [     229.21      102.15]
 [     227.79      103.57]
 [     227.79      106.41]
 [     226.38      107.83]
 [     226.38      109.24]
 [     224.96      110.66]
 [     224.96       113.5]
 [     223.54      114.92]
 [     223.54      116.34]
 [     222.12      117.76]
 [     222.12      120.59]
 [     219.28      123.43]
 [     219.28      124.85]
 [     217.86      126.27]
 [     217.86      127.69]
 [     215.03      130.53]
 [     215.03      131.94]
 [     213.61      133.36]
 [     213.61      134.78]
 [     212.19       136.2]
 [     212.19      137.62]
 [     210.77      139.04]
 [     210.77      140.46]
 [     207.93      143.29]
 [     207.93      144.71]
 [     203.68      148.97]
 [     203.68      150.39]
 [     199.42      154.64]
 [        198      154.64]
 [     195.16      151.81]
 [     195.16      148.97]
 [     193.74      147.55]
 [     189.49      147.55]
 [     178.14       158.9]
 [     178.14      160.32]
 [     171.04      167.41]
 [     168.21      167.41]
 [     166.79      168.83]
 [     163.95      165.99]
 [     163.95      163.16]
 [     162.53      161.74]
 [     162.53      157.48]
 [     161.11      156.06]
 [     161.11      151.81]
 [     159.69      150.39]
 [     159.69      144.71]
 [     158.28      143.29]
 [     158.28      140.46]
 [     156.86      139.04]
 [     156.86      137.62]
 [     151.18      131.94]
 [     151.18      130.53]
 [     149.76      129.11]
 [     149.76      106.41]
 [     148.34      104.99]
 [     148.34      103.57]
 [     144.09      103.57]
 [     141.25      106.41]
 [     141.25      107.83]
 [     135.58       113.5]
 [     135.58      114.92]
 [     128.48      122.01]
 [     128.48      123.43]
 [     117.13      134.78]
 [     117.13       136.2]
 [     111.46      141.88]
 [     111.46      143.29]
 [     110.04      144.71]
 [     110.04      146.13]
 [      107.2      148.97]
 [      107.2      151.81]
 [     101.53      157.48]
 [     100.11      157.48]
 [     88.756      168.83]
 [     88.756      170.25]
 [     87.338      171.67]
 [     81.663      171.67]
 [     81.663      242.61]
 [     87.338      242.61]
 [     90.175      245.44]
 [     91.594      245.44]
 [     93.013      246.86]
 [     93.013      252.54]
 [     94.431      253.96]
 [     94.431      255.38]
 [     97.269      258.21]
 [     97.269      261.05]
 [     98.688      262.47]
 [     98.688      265.31]
 [     97.269      266.73]
 [     97.269      269.56]
 [     98.688      270.98]
 [     98.688      276.66]
 [     100.11      278.08]
 [     100.11      280.91]
 [     101.53      282.33]
 [     101.53      283.75]
 [     102.94      285.17]
 [     102.94      288.01]
 [     104.36      289.43]
 [     104.36      290.84]
 [     105.78      292.26]
 [     105.78      293.68]
 [      107.2       295.1]
 [      107.2      297.94]
 [     108.62      299.36]
 [     108.62      300.78]
 [     110.04      302.19]
 [     110.04      303.61]
 [     111.46      305.03]
 [     111.46      306.45]
 [     112.88      307.87]
 [     112.88      309.29]
 [     115.71      312.12]
 [     115.71      313.54]
 [     121.39      319.22]
 [     122.81      319.22]
 [     127.06      323.48]
 [     128.48      323.48]
 [      129.9      324.89]
 [     131.32      324.89]
 [     132.74      326.31]
 [     134.16      326.31]
 [     135.58      327.73]
 [     138.41      327.73]
 [     139.83      329.15]
 [     141.25      329.15]
 [     142.67      330.57]
 [     144.09      330.57]
 [     145.51      331.99]
 [     148.34      331.99]
 [     149.76      333.41]
 [      152.6      333.41]
 [     154.02      334.83]
 [     158.28      334.83]
 [     159.69      336.24]
 [     162.53      336.24]
 [     163.95      337.66]
 [     163.95      341.92]
 [     195.16      341.92]
 [     195.16      337.66]
 [     196.58      336.24]
 [        198      336.24]
 [     199.42      334.83]
 [     206.51      334.83]
 [     207.93      333.41]
 [     230.63      333.41]
 [     232.05      334.83]
 [     234.89      334.83]
 [     236.31      333.41]
 [     239.14      333.41]
 [     240.56      331.99]
 [      243.4      331.99]
 [     244.82      330.57]
 [     247.66      330.57]
 [     249.08      329.15]
 [     251.91      329.15]
 [     253.33      327.73]
 [     254.75      327.73]
 [     256.17      326.31]
 [     257.59      326.31]
 [     259.01      324.89]
 [     260.43      324.89]
 [     261.84      323.48]
 [     263.26      323.48]
 [     264.68      322.06]
 [      266.1      322.06]
 [     268.94      319.22]
 [     270.36      319.22]
 [     271.78       317.8]
 [     273.19       317.8]
 [     276.03      314.96]
 [     277.45      314.96]
 [     285.96      306.45]
 [     287.38      306.45]
 [     287.38      305.03]
 [     291.64      300.78]
 [     291.64      299.36]
 [     293.06      297.94]
 [     293.06      296.52]
 [     294.48       295.1]
 [     294.48      292.26]
 [     295.89      290.84]
 [     295.89      289.43]
 [     297.31      288.01]
 [     297.31      286.59]
 [     298.73      285.17]
 [     298.73      283.75]
 [     300.15      282.33]
 [     300.15      279.49]
 [     301.57      278.08]
 [     301.57      273.82]
 [     302.99       272.4]
 [     302.99      263.89]
 [     304.41      262.47]
 [     304.41      245.44]
 [     305.83      244.03]
 [     305.83      235.51]
 [     307.24      234.09]
 [     307.24      232.68]
 [     308.66      231.26]
 [     308.66      228.42]
 [     310.08         227]
 [     310.08      224.16]
 [     314.34      219.91]
 [     318.59      219.91]
 [     318.59      188.69]
 [     314.34      188.69]
 [      311.5      185.86]
 [      311.5      184.44]
 [     308.66       181.6]
 [     308.66      178.76]
 [     307.24      177.34]
 [     307.24      173.09]
 [     304.41      170.25]
 [     304.41      168.83]
 [     302.99      167.41]
 [     302.99      165.99]
 [     301.57      164.58]
 [     301.57      163.16]
 [     300.15      161.74]
 [     300.15       158.9]
 [     298.73      157.48]
 [     298.73      153.23]
 [     297.31      151.81]
 [     297.31      150.39]
 [     295.89      148.97]
 [     293.06      148.97]
 [      288.8      144.71]
 [     287.38      144.71]
 [     285.96      143.29]
 [     284.54      143.29]
 [     283.13      141.88]
 [     281.71      141.88]
 [      266.1      126.27]
 [     264.68      126.27]
 [     256.17      117.76]
 [     254.75      117.76]
 [     246.24      109.24]
 [     246.24      107.83]
 [     244.82      106.41]
 [     244.82      104.99]
 [     240.56      100.73]
 [     240.56      99.313]
 [     239.14      97.894]
 [     239.14      93.638]]
