Image_Name: 4ae6832d4bd2d58853cc3503072ea2fa
Class: Leg
Inner Main Points: [(223.823483314815, 703.9730283531122), (245.00732325724118, 714.7795778543966), (237.15912467473768, 757.1611875451067), (246.93013667006957, 719.8916313934036), (233.84337460902444, 719.7332794925783)]
Mask Points:
[[     212.19      689.51]
 [     212.19      742.01]
 [     216.44      742.01]
 [     217.86      743.43]
 [     217.86      747.68]
 [     219.28       749.1]
 [     219.28      760.45]
 [      220.7      761.87]
 [      220.7       771.8]
 [     222.12      773.22]
 [     222.12      784.57]
 [     223.54      785.99]
 [     223.54      788.83]
 [     224.96      790.24]
 [     226.38      790.24]
 [     227.79      791.66]
 [     236.31      791.66]
 [     237.73      793.08]
 [     256.17      793.08]
 [     257.59      791.66]
 [     260.43      791.66]
 [     261.84      790.24]
 [     264.68      790.24]
 [      266.1      788.83]
 [     268.94      788.83]
 [     273.19      784.57]
 [     273.19      777.48]
 [     274.61      776.06]
 [     274.61      763.29]
 [     276.03      761.87]
 [     276.03      732.08]
 [     277.45      730.66]
 [     277.45      689.51]]
