Image_Name: 4ae6832d4bd2d58853cc3503072ea2fa
Class: Stock
Inner Main Points: [(170.52925980471906, 820.1634697901211), (158.76345451046433, 807.3298553583323), (162.32781931413143, 808.9002485230442), (149.85696915347174, 802.2582792239566), (150.0621904524541, 805.3393380103679)]
Mask Points:
[[     138.41      791.66]
 [     138.41      815.78]
 [     145.51      815.78]
 [     146.93       817.2]
 [     148.34       817.2]
 [     151.18      820.04]
 [      152.6      820.04]
 [     158.28      825.71]
 [     158.28      827.13]
 [     159.69      828.55]
 [     159.69      829.97]
 [     161.11      831.39]
 [     161.11      832.81]
 [     163.95      835.64]
 [     163.95      841.32]
 [     169.62      841.32]
 [     169.62      837.06]
 [     171.04      835.64]
 [     172.46      835.64]
 [      175.3      832.81]
 [     176.72      832.81]
 [     183.81      825.71]
 [     183.81      824.29]
 [     185.23      822.88]
 [     185.23      821.46]
 [     186.65      820.04]
 [     186.65      811.53]
 [     188.07      810.11]
 [     188.07      791.66]]
