Image_Name: 4ae6832d4bd2d58853cc3503072ea2fa
Class: Stock
Inner Main Points: [(242.17771695093302, 812.1321978819101), (256.7410255118507, 805.747978296274), (262.3957158804145, 805.6822055932104), (261.41898008678135, 808.2335179810045), (249.24751994082348, 809.1851095357491)]
Mask Points:
[[     229.21      791.66]
 [     229.21      832.81]
 [     233.47      832.81]
 [     234.89      834.23]
 [     236.31      834.23]
 [     239.14      837.06]
 [     239.14      841.32]
 [     240.56      841.32]
 [     240.56      835.64]
 [      243.4      832.81]
 [      243.4      831.39]
 [     246.24      828.55]
 [     246.24      827.13]
 [     249.08      824.29]
 [     250.49      824.29]
 [     251.91      822.88]
 [     254.75      822.88]
 [     256.17      821.46]
 [     260.43      821.46]
 [     261.84      820.04]
 [     278.87      820.04]
 [     278.87      791.66]]
