Image_Name: 4ae6832d4bd2d58853cc3503072ea2fa
Class: Upper_clothes
Inner Main Points: [(207.55901252014547, 477.43302641064315), (84.3488454105761, 550.7325140593953), (263.1925484311886, 417.5794272838921), (246.89649836971756, 525.8548356127807), (323.61624824431965, 544.3941941473635)]
Mask Points:
[[     176.72      349.01]
 [     176.72      354.69]
 [      175.3      356.11]
 [     173.88      356.11]
 [     169.62      360.36]
 [     168.21      360.36]
 [     165.37       363.2]
 [     163.95       363.2]
 [     162.53      364.62]
 [     161.11      364.62]
 [     156.86      368.88]
 [     155.44      368.88]
 [      152.6      371.71]
 [     151.18      371.71]
 [     149.76      373.13]
 [     148.34      373.13]
 [     141.25      380.23]
 [     141.25      381.64]
 [     138.41      384.48]
 [     138.41       385.9]
 [     136.99      387.32]
 [     136.99      388.74]
 [     135.58      390.16]
 [     135.58      391.58]
 [     132.74      394.41]
 [     132.74      397.25]
 [     131.32      398.67]
 [     131.32      400.09]
 [      129.9      401.51]
 [      129.9      402.93]
 [     127.06      405.76]
 [     127.06       408.6]
 [     125.64      410.02]
 [     125.64      411.44]
 [     124.23      412.86]
 [     124.23      414.28]
 [     122.81      415.69]
 [     122.81      417.11]
 [     121.39      418.53]
 [     121.39      419.95]
 [     119.97      421.37]
 [     119.97      422.79]
 [     118.55      424.21]
 [     118.55      425.63]
 [     117.13      427.04]
 [     117.13      428.46]
 [     115.71      429.88]
 [     115.71       431.3]
 [     114.29      432.72]
 [     114.29      435.56]
 [     112.88      436.98]
 [     112.88      438.39]
 [     111.46      439.81]
 [     111.46      441.23]
 [     110.04      442.65]
 [     110.04      445.49]
 [     108.62      446.91]
 [     108.62      449.74]
 [      107.2      451.16]
 [      107.2      452.58]
 [     105.78         454]
 [     105.78      455.42]
 [     104.36      456.84]
 [     104.36      459.68]
 [     102.94      461.09]
 [     102.94      463.93]
 [     101.53      465.35]
 [     101.53      466.77]
 [     100.11      468.19]
 [     100.11      469.61]
 [     98.688      471.03]
 [     98.688      473.86]
 [     97.269      475.28]
 [     97.269       476.7]
 [      95.85      478.12]
 [      95.85      479.54]
 [     94.431      480.96]
 [     94.431      482.38]
 [     93.013      483.79]
 [     93.013      485.21]
 [     91.594      486.63]
 [     91.594      489.47]
 [     90.175      490.89]
 [     90.175      492.31]
 [     88.756      493.73]
 [     88.756      495.14]
 [     87.338      496.56]
 [     87.338       499.4]
 [     85.919      500.82]
 [     85.919      503.66]
 [       84.5      505.08]
 [       84.5      506.49]
 [     83.081      507.91]
 [     83.081      509.33]
 [     81.663      510.75]
 [     81.663      512.17]
 [     80.244      513.59]
 [     80.244      516.43]
 [     78.825      517.84]
 [     78.825      519.26]
 [     77.406      520.68]
 [     77.406       522.1]
 [     74.569      524.94]
 [     70.312      524.94]
 [     70.312      591.62]
 [     77.406      591.62]
 [     78.825      593.04]
 [     81.663      593.04]
 [     83.081      594.46]
 [     85.919      594.46]
 [     87.338      595.88]
 [     91.594      595.88]
 [     93.013      597.29]
 [     97.269      597.29]
 [     98.688      598.71]
 [     98.688      602.97]
 [     108.62      602.97]
 [     108.62      598.71]
 [     112.88      594.46]
 [     112.88      593.04]
 [     114.29      591.62]
 [     114.29       590.2]
 [     115.71      588.78]
 [     115.71      587.36]
 [     122.81      580.27]
 [     124.23      580.27]
 [     125.64      578.85]
 [     131.32      578.85]
 [     134.16      581.69]
 [     135.58      581.69]
 [     138.41      584.53]
 [     141.25      584.53]
 [     142.67      585.94]
 [     144.09      585.94]
 [     145.51      587.36]
 [     148.34      587.36]
 [     149.76      588.78]
 [     151.18      588.78]
 [      152.6       590.2]
 [     156.86       590.2]
 [     158.28      591.62]
 [     192.33      591.62]
 [     193.74      593.04]
 [     212.19      593.04]
 [     213.61      591.62]
 [     232.05      591.62]
 [     233.47       590.2]
 [     244.82       590.2]
 [     246.24      588.78]
 [     251.91      588.78]
 [     253.33      587.36]
 [     257.59      587.36]
 [     259.01      585.94]
 [     263.26      585.94]
 [     264.68      584.53]
 [     267.52      584.53]
 [     268.94      583.11]
 [     270.36      583.11]
 [     271.78      581.69]
 [     277.45      581.69]
 [     278.87      580.27]
 [     283.13      584.53]
 [     283.13      585.94]
 [     284.54      587.36]
 [     284.54      591.62]
 [     285.96      593.04]
 [     285.96      594.46]
 [      288.8      597.29]
 [      288.8      602.97]
 [      311.5      602.97]
 [      311.5      598.71]
 [     312.92      597.29]
 [     314.34      597.29]
 [     315.76      595.88]
 [     320.01      595.88]
 [     321.43      594.46]
 [     324.27      594.46]
 [     325.69      593.04]
 [     328.53      593.04]
 [     329.94      591.62]
 [     329.94      584.53]
 [     331.36      583.11]
 [     331.36      577.43]
 [     332.78      576.01]
 [     332.78      573.18]
 [      334.2      571.76]
 [      334.2      570.34]
 [     335.62      568.92]
 [     335.62       567.5]
 [     337.04      566.08]
 [     341.29      566.08]
 [     341.29      537.71]
 [     337.04      537.71]
 [      334.2      534.87]
 [      334.2      532.03]
 [     332.78      530.61]
 [     332.78      527.78]
 [     331.36      526.36]
 [     331.36      523.52]
 [     329.94       522.1]
 [     329.94      517.84]
 [     328.53      516.43]
 [     328.53      513.59]
 [     327.11      512.17]
 [     327.11      510.75]
 [     325.69      509.33]
 [     325.69      506.49]
 [     324.27      505.08]
 [     324.27      500.82]
 [     322.85       499.4]
 [     322.85      497.98]
 [     321.43      496.56]
 [     321.43      495.14]
 [     320.01      493.73]
 [     320.01      490.89]
 [     318.59      489.47]
 [     318.59      486.63]
 [     317.18      485.21]
 [     317.18      482.38]
 [     315.76      480.96]
 [     315.76      478.12]
 [     314.34       476.7]
 [     314.34      473.86]
 [     312.92      472.44]
 [     312.92      469.61]
 [      311.5      468.19]
 [      311.5      466.77]
 [     310.08      465.35]
 [     310.08      462.51]
 [     308.66      461.09]
 [     308.66      459.68]
 [     307.24      458.26]
 [     307.24         454]
 [     305.83      452.58]
 [     305.83      449.74]
 [     304.41      448.33]
 [     304.41      446.91]
 [     302.99      445.49]
 [     302.99      441.23]
 [     301.57      439.81]
 [     301.57      436.98]
 [     300.15      435.56]
 [     300.15      434.14]
 [     298.73      432.72]
 [     298.73       431.3]
 [     297.31      429.88]
 [     297.31      427.04]
 [     295.89      425.63]
 [     295.89      422.79]
 [     294.48      421.37]
 [     294.48      419.95]
 [     293.06      418.53]
 [     293.06      417.11]
 [     291.64      415.69]
 [     291.64      411.44]
 [     290.22      410.02]
 [     290.22       408.6]
 [      288.8      407.18]
 [      288.8      405.76]
 [     287.38      404.34]
 [     287.38      402.93]
 [     285.96      401.51]
 [     285.96      398.67]
 [     283.13      395.83]
 [     283.13      394.41]
 [     281.71      392.99]
 [     281.71      391.58]
 [     278.87      388.74]
 [     278.87      387.32]
 [     260.43      368.88]
 [     259.01      368.88]
 [     247.66      357.53]
 [     247.66      356.11]
 [     246.24      354.69]
 [     246.24      349.01]]
