Image_Name: 6237304fd6e5879c6a1b83eb53d89208
Class: Hand
Inner Main Points: [(53.28752675267317, 634.11883072167), (74.26254354846944, 616.9877752148101), (68.63143885934484, 632.7554353351152), (65.20402802564898, 628.8166575935403), (55.55642874589939, 645.5540013087128)]
Mask Points:
[[     54.706      581.69]
 [     54.706      585.94]
 [     47.613      593.04]
 [     46.194      593.04]
 [     44.775      594.46]
 [     43.356      594.46]
 [     41.938      595.88]
 [     36.263      595.88]
 [     36.263      659.72]
 [     41.938      659.72]
 [     43.356      661.14]
 [     43.356      665.39]
 [     114.29      665.39]
 [     114.29      661.14]
 [     119.97      655.46]
 [     125.64      655.46]
 [     125.64      581.69]]
