Image_Name: 6237304fd6e5879c6a1b83eb53d89208
Class: Hand
Inner Main Points: [(330.8428328134496, 624.8621537752508), (331.3143558252673, 635.964606831126), (328.64205622035365, 634.6083680723835), (338.24858233090913, 605.1086593703419), (333.19801738229773, 629.8487623764748)]
Mask Points:
[[     285.96      581.69]
 [     285.96      585.94]
 [     284.54      587.36]
 [     280.29      587.36]
 [     280.29      641.28]
 [     284.54      641.28]
 [     287.38      644.11]
 [     287.38      645.53]
 [      288.8      646.95]
 [      288.8      648.37]
 [     291.64      651.21]
 [     293.06      651.21]
 [     294.48      652.62]
 [     295.89      652.62]
 [     297.31      654.04]
 [     298.73      654.04]
 [     300.15      655.46]
 [     301.57      655.46]
 [     302.99      656.88]
 [     317.18      656.88]
 [     318.59       658.3]
 [     328.53       658.3]
 [     329.94      659.72]
 [     337.04      659.72]
 [     338.46      661.14]
 [     338.46      665.39]
 [     355.48      665.39]
 [     355.48      661.14]
 [     358.32       658.3]
 [     359.74       658.3]
 [     359.74      656.88]
 [     361.16      655.46]
 [     361.16      654.04]
 [     362.58      652.62]
 [     362.58      649.79]
 [     363.99      648.37]
 [     363.99      614.32]
 [     362.58       612.9]
 [     362.58      610.06]
 [     361.16      608.64]
 [     361.16      605.81]
 [     358.32      602.97]
 [     358.32      601.55]
 [      356.9      600.13]
 [      356.9      598.71]
 [     355.48      597.29]
 [     354.06      597.29]
 [     348.39      591.62]
 [     346.97      591.62]
 [     345.55       590.2]
 [     342.71       590.2]
 [     341.29      588.78]
 [     338.46      588.78]
 [     337.04      587.36]
 [     329.94      587.36]
 [     328.53      585.94]
 [     328.53      581.69]]
