Image_Name: 6237304fd6e5879c6a1b83eb53d89208
Class: Pants
Inner Main Points: [(154.6898403469147, 630.0974799172839), (220.47638107961552, 622.5203467960229), (190.0100848830772, 651.7686676132932), (228.1093801890373, 638.5379163726149), (175.3088363917572, 628.4188318641218)]
Mask Points:
[[     121.39      581.69]
 [     121.39      699.44]
 [     244.82      699.44]
 [     244.82      695.19]
 [     246.24      693.77]
 [     261.84      693.77]
 [     263.26      692.35]
 [     285.96      692.35]
 [     293.06      685.26]
 [     293.06      683.84]
 [     294.48      682.42]
 [     294.48      675.33]
 [     293.06      673.91]
 [     293.06      648.37]
 [     294.48      646.95]
 [     294.48      627.09]
 [     293.06      625.67]
 [     293.06      607.23]
 [     294.48      605.81]
 [     294.48      597.29]
 [     297.31      594.46]
 [     301.57      594.46]
 [     301.57      581.69]]
