Image_Name: cbabac361a41867bc88ae6f694a8d00f
Class: Eye
Inner Main Points: [(112.54945835424853, 230.53721670189105), (110.75316809906553, 231.15936694616823), (108.76586412338085, 223.2516382031605), (109.6054459563717, 224.0087998714905), (108.28255101880971, 224.43785049932114)]
Mask Points:
[[     97.366      189.53]
 [     97.366      240.35]
 [     101.49      240.35]
 [     106.98      245.85]
 [      111.1      245.85]
 [     112.47      247.22]
 [     113.85      245.85]
 [     115.22      245.85]
 [     116.59      244.47]
 [     116.59       243.1]
 [     119.34      240.35]
 [     123.46      240.35]
 [     123.46      219.75]
 [     119.34      219.75]
 [     117.97      218.38]
 [     117.97      215.63]
 [     116.59      214.26]
 [     116.59      207.39]
 [     115.22      206.02]
 [     115.22       201.9]
 [     113.85      200.52]
 [     113.85      197.77]
 [     112.47       196.4]
 [     112.47      189.53]]
