Image_Name: 0142_CHD_2
Class: Clothes
Inner Main Points: [(306.8545890095601, 510.1013065715408), (334.98941047748383, 520.4517019776819), (100.35316959069877, 570.892446674579), (293.85959191895677, 532.5773062921552), (239.99553416885615, 552.5653353561847)]
Mask Points:
[[     45.475      347.48]
 [     45.475      607.38]
 [     51.125      607.38]
 [     52.538      608.79]
 [       70.9      608.79]
 [     72.312       610.2]
 [     83.613       610.2]
 [     85.025      611.61]
 [     92.087      611.61]
 [       93.5       610.2]
 [     101.97       610.2]
 [     103.39      611.61]
 [     117.51      611.61]
 [     118.92      613.03]
 [     118.92      617.26]
 [     254.52      617.26]
 [     254.52      613.03]
 [     255.94      611.61]
 [     260.17      611.61]
 [     261.59       610.2]
 [     277.12       610.2]
 [     278.54      608.79]
 [     282.77      608.79]
 [     284.19      607.38]
 [     287.01      607.38]
 [     288.42      605.96]
 [     292.66      605.96]
 [     294.07      604.55]
 [      330.8      604.55]
 [     332.21      605.96]
 [     333.62      604.55]
 [     336.45      604.55]
 [     337.86      603.14]
 [     339.27      603.14]
 [     343.51       598.9]
 [     344.92       598.9]
 [     347.75      596.08]
 [     347.75      543.81]
 [     346.34       542.4]
 [     346.34      525.45]
 [     347.75      524.04]
 [     347.75      454.83]
 [     346.34      453.41]
 [     346.34      425.16]
 [     347.75      423.75]
 [     347.75      413.86]
 [     349.16      412.45]
 [     349.16      403.98]
 [     350.57      402.56]
 [     354.81      402.56]
 [     354.81      358.77]
 [     349.16      358.77]
 [     347.75      357.36]
 [     347.75      355.95]
 [     344.92      353.12]
 [     344.92      347.48]]
