Image_Name: 1724082651259
Class: Clothes
Inner Main Points: [(1302.2151953449918, 893.1758856713274), (1464.639453662904, 690.5563931733543), (1314.1723494560688, 341.00874776076387), (1541.9661337440637, 361.46237111565705), (918.1606707279859, 453.24868552880565)]
Mask Points:
[[        882         309]
 [        882        1002]
 [       1917        1002]
 [       1917         309]
 [       1407         309]
 [       1407         327]
 [       1410         330]
 [       1410         336]
 [       1407         339]
 [       1407         342]
 [       1401         348]
 [       1395         348]
 [       1392         351]
 [       1383         351]
 [       1380         348]
 [       1359         348]
 [       1356         345]
 [       1353         345]
 [       1350         342]
 [       1347         342]
 [       1344         339]
 [       1335         339]
 [       1332         336]
 [       1326         336]
 [       1320         330]
 [       1320         327]
 [       1317         324]
 [       1317         309]]
