Image_Name: 1724082651259
Class: Clothes
Inner Main Points: [(1891.5089573063428, 863.539064484269), (1899.6352785245406, 322.596886969237), (1864.3039316116224, 371.8158758817518), (1395.2681004872975, 802.2468800002625), (1098.9792671233251, 991.0637652501977)]
Mask Points:
[[        882         309]
 [        882        1002]
 [       1917        1002]
 [       1917         309]
 [       1407         309]
 [       1407         327]
 [       1410         330]
 [       1410         336]
 [       1407         339]
 [       1407         342]
 [       1401         348]
 [       1395         348]
 [       1392         351]
 [       1383         351]
 [       1380         348]
 [       1359         348]
 [       1356         345]
 [       1353         345]
 [       1350         342]
 [       1347         342]
 [       1344         339]
 [       1335         339]
 [       1332         336]
 [       1326         336]
 [       1320         330]
 [       1320         327]
 [       1317         324]
 [       1317         309]]
