Image_Name: 1724082651259
Class: Eye
Inner Main Points: [(803.5754136876265, 566.3242509042182), (836.4485360348615, 544.3828124596652), (826.6037371654784, 537.4660968091547), (800.9384022649315, 528.7082828422907), (826.0901716791441, 577.8632573526908)]
Mask Points:
[[        786         513]
 [        786         576]
 [        798         576]
 [        807         585]
 [        807         594]
 [        834         594]
 [        834         582]
 [        837         579]
 [        840         579]
 [        849         570]
 [        849         567]
 [        852         564]
 [        852         561]
 [        855         558]
 [        855         546]
 [        852         543]
 [        852         534]
 [        849         531]
 [        849         528]
 [        843         522]
 [        843         513]]
