Image_Name: 0142_CHD_1
Class: Face
Inner Main Points: [(288.6960038851547, 187.01222218545178), (287.1548775445963, 188.50064370975684), (303.12931487816115, 211.79298404581743), (305.41591804592747, 212.61686785580488), (301.44758005003825, 211.29152678434002)]
Mask Points:
[[     280.29      178.76]
 [     280.29      194.37]
 [     287.38      194.37]
 [     290.22      197.21]
 [     290.22      201.46]
 [     291.64      202.88]
 [     291.64       204.3]
 [     294.48      207.14]
 [     294.48      208.56]
 [     295.89      209.98]
 [     295.89      212.81]
 [     297.31      214.23]
 [     297.31      215.65]
 [     301.57      219.91]
 [     305.83      219.91]
 [     307.24      218.49]
 [     312.92      218.49]
 [     312.92      211.39]
 [     310.08      208.56]
 [     308.66      208.56]
 [     307.24      207.14]
 [     305.83      207.14]
 [     301.57      202.88]
 [     300.15      202.88]
 [     297.31      200.04]
 [     295.89      200.04]
 [     291.64      195.79]
 [     291.64      194.37]
 [     293.06      192.95]
 [     293.06      191.53]
 [     294.48      190.11]
 [     294.48      178.76]]
