Image_Name: 0142_CHD_2
Class: Hair
Inner Main Points: [(263.6331292271697, 258.8794349769712), (158.6751180735363, 152.93826220478445), (274.64225965072046, 179.88407565004277), (307.59365140447085, 152.451071896732), (272.17975992607376, 303.3145937443537)]
Mask Points:
[[     141.52      31.075]
 [     141.52      35.312]
 [      138.7      38.138]
 [     137.29      38.138]
 [     135.88       39.55]
 [     131.64       39.55]
 [     130.22      40.963]
 [      127.4      40.963]
 [     125.99      42.375]
 [     124.57      42.375]
 [     121.75        45.2]
 [     120.34        45.2]
 [     118.92      46.612]
 [      116.1      46.612]
 [     113.27      49.438]
 [     111.86      49.438]
 [     110.45       50.85]
 [     109.04       50.85]
 [     107.62      52.263]
 [     106.21      52.263]
 [     101.97        56.5]
 [     100.56        56.5]
 [     97.737      59.325]
 [     96.325      59.325]
 [     90.675      64.975]
 [     89.263      64.975]
 [     89.263      66.387]
 [      87.85        67.8]
 [     86.438        67.8]
 [     73.725      80.512]
 [     73.725      81.925]
 [       70.9       84.75]
 [       70.9      86.162]
 [      65.25      91.812]
 [      65.25      93.225]
 [     62.425       96.05]
 [     62.425      97.463]
 [       59.6      100.29]
 [       59.6      103.11]
 [      53.95      108.76]
 [      53.95      110.18]
 [     52.538      111.59]
 [     52.538         113]
 [     51.125      114.41]
 [     51.125      115.82]
 [       48.3      118.65]
 [       48.3      120.06]
 [     45.475      122.89]
 [     45.475       124.3]
 [     44.062      125.71]
 [     44.062      127.12]
 [     41.237      129.95]
 [     41.237      131.36]
 [     38.413      134.19]
 [     38.413       135.6]
 [         37      137.01]
 [         37      138.43]
 [     34.175      141.25]
 [     34.175      142.66]
 [     32.763      144.07]
 [     32.763      145.49]
 [      31.35       146.9]
 [      31.35      148.31]
 [     27.113      152.55]
 [     22.875      152.55]
 [     22.875       169.5]
 [     28.525       169.5]
 [      31.35      166.68]
 [     34.175      166.68]
 [     35.588      165.26]
 [         37      165.26]
 [     38.413      163.85]
 [     39.825      163.85]
 [      42.65      166.68]
 [      42.65       169.5]
 [     44.062      170.91]
 [     44.062      189.27]
 [     45.475      190.69]
 [     45.475      194.93]
 [     46.888      196.34]
 [     46.888      200.57]
 [       48.3      201.99]
 [       48.3      206.23]
 [     49.713      207.64]
 [     49.713      213.29]
 [     51.125       214.7]
 [     51.125      217.52]
 [     52.538      218.94]
 [     52.538      221.76]
 [      53.95      223.18]
 [      53.95      228.82]
 [     55.362      230.24]
 [     55.362      231.65]
 [     58.188      234.48]
 [     58.188      235.89]
 [       59.6       237.3]
 [       59.6      238.71]
 [     61.013      240.12]
 [     61.013      241.54]
 [     63.838      244.36]
 [     63.838      245.77]
 [      65.25      247.19]
 [      65.25      250.01]
 [     66.662      251.43]
 [     66.662      252.84]
 [       70.9      257.08]
 [       70.9      258.49]
 [     73.725      261.31]
 [     73.725      262.73]
 [     75.138      264.14]
 [     75.138      266.96]
 [      76.55      268.38]
 [      76.55       271.2]
 [     77.963      272.61]
 [     77.963      274.02]
 [     79.375      274.02]
 [     80.787      275.44]
 [     80.787      276.85]
 [       82.2      278.26]
 [       82.2      279.67]
 [     83.613      281.09]
 [     83.613      283.91]
 [     85.025      285.33]
 [     85.025      286.74]
 [     86.438      288.15]
 [     86.438      290.98]
 [      87.85      292.39]
 [      87.85      298.04]
 [     89.263      299.45]
 [     89.263      300.86]
 [     90.675      302.27]
 [     90.675      303.69]
 [     92.087       305.1]
 [     92.087      306.51]
 [       93.5      307.92]
 [     94.912      307.92]
 [     96.325      309.34]
 [     97.737      309.34]
 [      99.15      310.75]
 [      99.15      312.16]
 [     100.56      313.58]
 [     101.97      313.58]
 [     107.62      319.23]
 [     109.04      319.23]
 [     111.86      322.05]
 [     113.27      322.05]
 [     114.69      323.46]
 [      116.1      323.46]
 [     117.51      324.88]
 [     118.92      324.88]
 [     120.34      326.29]
 [     121.75      326.29]
 [     124.57      329.11]
 [     125.99      329.11]
 [      127.4      330.52]
 [     128.81      330.52]
 [     130.22      331.94]
 [     133.05      331.94]
 [     135.88      334.76]
 [     140.11      334.76]
 [     141.52      336.17]
 [     145.76      336.17]
 [     147.18      337.59]
 [        150      337.59]
 [     152.82      340.41]
 [     157.06      340.41]
 [     158.47      341.83]
 [      161.3      341.83]
 [     162.71      343.24]
 [     164.12      343.24]
 [     165.54      344.65]
 [     166.95      344.65]
 [     169.77      347.48]
 [     169.77      351.71]
 [     181.07      351.71]
 [     181.07      347.48]
 [     182.49      346.06]
 [     189.55      346.06]
 [     190.96      347.48]
 [     190.96      351.71]
 [     210.74      351.71]
 [     210.74      347.48]
 [     213.56      344.65]
 [     216.39      344.65]
 [      217.8      343.24]
 [     222.04      343.24]
 [     223.45      341.83]
 [     230.51      341.83]
 [     231.93      340.41]
 [     234.75      340.41]
 [     236.16         339]
 [     237.57         339]
 [     238.99      337.59]
 [     241.81      337.59]
 [     243.22      336.17]
 [     247.46      336.17]
 [     248.88      334.76]
 [     253.11      334.76]
 [     255.94      331.94]
 [     257.35      331.94]
 [     258.76      330.52]
 [     261.59      330.52]
 [        263      329.11]
 [     264.41      329.11]
 [     267.24      326.29]
 [     268.65      326.29]
 [     270.06      324.88]
 [     271.48      324.88]
 [     272.89      323.46]
 [      274.3      323.46]
 [     277.12      320.64]
 [     278.54      320.64]
 [     279.95      319.23]
 [     281.36      319.23]
 [      285.6      314.99]
 [     287.01      314.99]
 [     289.84      312.16]
 [     291.25      312.16]
 [     294.07      309.34]
 [     295.49      309.34]
 [      296.9      307.92]
 [     298.31      307.92]
 [     299.73      306.51]
 [     303.96      306.51]
 [      308.2      302.27]
 [     309.61      302.27]
 [     311.02      300.86]
 [     311.02      298.04]
 [     312.44      296.62]
 [     312.44      295.21]
 [     313.85       293.8]
 [     313.85      290.98]
 [     315.26      289.56]
 [     315.26      288.15]
 [     316.67      286.74]
 [     316.67      285.33]
 [     318.09      283.91]
 [     318.09       282.5]
 [      319.5      281.09]
 [      319.5      279.67]
 [     320.91      278.26]
 [     320.91      276.85]
 [     323.74      274.02]
 [     323.74      272.61]
 [     325.15       271.2]
 [     325.15      269.79]
 [     329.39      265.55]
 [     329.39      262.73]
 [      330.8      261.31]
 [      330.8      258.49]
 [     332.21      257.08]
 [     332.21      255.66]
 [     335.04      252.84]
 [     335.04      251.43]
 [     336.45      250.01]
 [     336.45      247.19]
 [     337.86      245.77]
 [     337.86      224.59]
 [     339.27      223.18]
 [     339.27      213.29]
 [     340.69      211.88]
 [     340.69      199.16]
 [      342.1      197.75]
 [      342.1      189.27]
 [     343.51      187.86]
 [     343.51      182.21]
 [     349.16      176.56]
 [     354.81      182.21]
 [     356.23      182.21]
 [     357.64      183.62]
 [     359.05      183.62]
 [     360.46      185.04]
 [     361.88      185.04]
 [     363.29      183.62]
 [      364.7      183.62]
 [      364.7      173.74]
 [     363.29      172.32]
 [     363.29      166.68]
 [     361.88      165.26]
 [     361.88      159.61]
 [     360.46       158.2]
 [     360.46      155.38]
 [     359.05      153.96]
 [     359.05      152.55]
 [     357.64      151.14]
 [     357.64      148.31]
 [     356.23       146.9]
 [     356.23      145.49]
 [     354.81      144.07]
 [     354.81      141.25]
 [      353.4      139.84]
 [      353.4      137.01]
 [     356.23      134.19]
 [     357.64      134.19]
 [     359.05      132.77]
 [      364.7      132.77]
 [      364.7      131.36]
 [     361.88      131.36]
 [     354.81       124.3]
 [      353.4       124.3]
 [     349.16      120.06]
 [     347.75      120.06]
 [     344.92      117.24]
 [     343.51      117.24]
 [     327.98       101.7]
 [     327.98      100.29]
 [     323.74       96.05]
 [     323.74      94.637]
 [     316.67      87.575]
 [     316.67      86.162]
 [     303.96       73.45]
 [     302.55       73.45]
 [     298.31      69.213]
 [      296.9      69.213]
 [     291.25      63.562]
 [     289.84      63.562]
 [     288.42       62.15]
 [     287.01       62.15]
 [      285.6      60.737]
 [     284.19      60.737]
 [     281.36      57.912]
 [     279.95      57.912]
 [     277.12      55.088]
 [     275.71      55.088]
 [     272.89      52.263]
 [     270.06      52.263]
 [     268.65       50.85]
 [     267.24       50.85]
 [     265.82      49.438]
 [     264.41      49.438]
 [        263      48.025]
 [     261.59      48.025]
 [     260.17      46.612]
 [     258.76      46.612]
 [     257.35        45.2]
 [     254.52        45.2]
 [     253.11      43.787]
 [      251.7      43.787]
 [     250.29      42.375]
 [     248.88      42.375]
 [     247.46      40.963]
 [     246.05      40.963]
 [     244.64       39.55]
 [      240.4       39.55]
 [     238.99      38.138]
 [     234.75      38.138]
 [     231.93      35.312]
 [     231.93      31.075]]
