Image_Name: 0142_CHD_2
Class: Pants
Inner Main Points: [(123.74657483061942, 633.1329708378428), (114.15437596906638, 615.9618623299523), (174.07094940840085, 606.4966420215808), (180.16470683758394, 648.8452726876646), (164.49936647175502, 594.4458808995416)]
Mask Points:
[[     96.325      584.78]
 [     96.325      706.25]
 [      183.9      706.25]
 [     185.31      707.66]
 [     196.61      707.66]
 [     198.02      709.08]
 [     198.02      713.31]
 [     213.56      713.31]
 [     213.56      709.08]
 [     214.97      707.66]
 [     246.05      707.66]
 [     247.46      706.25]
 [     267.24      706.25]
 [     268.65      704.84]
 [     272.89      704.84]
 [     277.12       700.6]
 [     277.12      699.19]
 [     278.54      697.78]
 [     278.54      692.12]
 [     277.12      690.71]
 [     277.12      686.47]
 [     275.71      685.06]
 [     275.71      638.45]
 [      274.3      637.04]
 [      274.3      608.79]
 [     275.71      607.38]
 [     275.71      604.55]
 [     277.12      603.14]
 [     277.12      601.72]
 [     278.54      600.31]
 [     278.54      593.25]
 [     279.95      591.84]
 [     279.95      584.78]]
