Image_Name: 0142_CHD_2
Class: Shoes
Inner Main Points: [(123.70944334305989, 822.9202732679418), (111.29704094058168, 837.1136404080892), (125.03368945677146, 857.1073298290794), (141.62877581031552, 833.2151557102945), (141.69584780649407, 836.1714307866797)]
Mask Points:
[[     96.325      805.12]
 [     96.325       892.7]
 [     157.06       892.7]
 [     158.47      891.29]
 [     159.89      891.29]
 [      161.3      889.88]
 [      161.3      857.39]
 [     162.71      855.97]
 [     162.71      840.44]
 [     164.12      839.03]
 [     164.12      826.31]
 [     162.71       824.9]
 [     162.71      805.12]]
