Image_Name: 0142_CHD_1
Class: Shoes
Inner Main Points: [(280.34030767741115, 831.9369753519424), (264.9536124035858, 818.135361385618), (245.96605286877292, 819.0791071381196), (246.69863563019146, 852.4431935018416), (308.5820800724034, 849.5044827625806)]
Mask Points:
[[     217.86      797.34]
 [     217.86      886.72]
 [     223.54      886.72]
 [     224.96      888.14]
 [     226.38      888.14]
 [     229.21      890.98]
 [     233.47      890.98]
 [     234.89      892.39]
 [      243.4      892.39]
 [     244.82      890.98]
 [     308.66      890.98]
 [     310.08      889.56]
 [     317.18      889.56]
 [     318.59      888.14]
 [     324.27      888.14]
 [     324.27      832.81]
 [     320.01      832.81]
 [     317.18      829.97]
 [     317.18      827.13]
 [     315.76      825.71]
 [     315.76      824.29]
 [     314.34      822.88]
 [     314.34      821.46]
 [     312.92      820.04]
 [     312.92      818.62]
 [      311.5       817.2]
 [      311.5      805.85]
 [     310.08      804.43]
 [     310.08      797.34]]
