Image_Name: 26ae92a8a1ccb1b6288c6172e61da4e3
Class: Hand
Inner Main Points: [(59.0492167579641, 606.3619574287901), (71.48120562737128, 602.0492803466476), (55.59532305913311, 643.8502329781807), (88.3880515905154, 639.834559559264), (83.78470168308904, 616.3710824967679)]
Mask Points:
[[     49.713      579.12]
 [     49.713      583.36]
 [     39.825      593.25]
 [     38.413      593.25]
 [     32.763       598.9]
 [      31.35       598.9]
 [     28.525      601.72]
 [     22.875      601.72]
 [     22.875      670.94]
 [     62.425      670.94]
 [     63.838      672.35]
 [     89.263      672.35]
 [     90.675      670.94]
 [     96.325      670.94]
 [     100.56       666.7]
 [     101.97       666.7]
 [     107.62      661.05]
 [     111.86      661.05]
 [     111.86      642.69]
 [     107.62      642.69]
 [     106.21      641.28]
 [     106.21      631.39]
 [      104.8      629.97]
 [      104.8      625.74]
 [     106.21      624.33]
 [     106.21      604.55]
 [      104.8      603.14]
 [      104.8      596.08]
 [     103.39      594.66]
 [     103.39      590.42]
 [     101.97      589.01]
 [     101.97      586.19]
 [     100.56      584.78]
 [     100.56      579.12]]
