Image_Name: 26ae92a8a1ccb1b6288c6172e61da4e3
Class: Shoe
Inner Main Points: [(254.1669666361313, 867.9775442098443), (252.30692228807644, 869.006817971707), (233.30629382549523, 871.1173358802731), (221.9293675000657, 870.9970190235232), (249.34835566281424, 876.7306622848668)]
Mask Points:
[[     203.68      827.72]
 [     203.68      891.29]
 [     223.45      891.29]
 [     224.86       892.7]
 [     254.52       892.7]
 [     255.94      891.29]
 [     261.59      891.29]
 [        263      889.88]
 [     265.82      889.88]
 [     268.65      887.05]
 [     270.06      887.05]
 [     272.89      884.22]
 [     272.89      871.51]
 [      274.3       870.1]
 [      274.3      827.72]]
