Image_Name: 89ed028bbfdd24f71b207f1a7faf810d
Class: Eye
Inner Main Points: [(147.5582155450445, 239.6882910093192), (142.00310817314633, 246.67874670533965), (141.34676074961874, 243.69648620455052), (149.97029293160736, 220.14562530255444), (145.83508001233093, 255.6713235394995)]
Mask Points:
[[     87.338      184.44]
 [     87.338      279.49]
 [     115.71      279.49]
 [     115.71      275.24]
 [     117.13      273.82]
 [     117.13      270.98]
 [     118.55      269.56]
 [     118.55      263.89]
 [     121.39      261.05]
 [     122.81      261.05]
 [     124.23      262.47]
 [     127.06      262.47]
 [     136.99       272.4]
 [     159.69       272.4]
 [     161.11      270.98]
 [     162.53      270.98]
 [     165.37      268.14]
 [     165.37      266.73]
 [     168.21      263.89]
 [     168.21      261.05]
 [     169.62      259.63]
 [     169.62      229.84]
 [     168.21      228.42]
 [     168.21      222.74]
 [     166.79      221.33]
 [     166.79      219.91]
 [     165.37      218.49]
 [     165.37      201.46]
 [     166.79      200.04]
 [     166.79      198.63]
 [     168.21      197.21]
 [     168.21      192.95]
 [     165.37      190.11]
 [     165.37      184.44]
 [     121.39      184.44]
 [     121.39      188.69]
 [     119.97      190.11]
 [     115.71      190.11]
 [     114.29      191.53]
 [     105.78      191.53]
 [     104.36      192.95]
 [     102.94      192.95]
 [     101.53      191.53]
 [     100.11      191.53]
 [     97.269      188.69]
 [     97.269      184.44]]
