Image_Name: 89ed028bbfdd24f71b207f1a7faf810d
Class: Hand
Inner Main Points: [(54.16797691010996, 641.5310339450918), (105.74020794137195, 639.1187123494348), (95.94291763257036, 638.891045943679), (79.41776758802821, 632.3210584919831), (89.51552115521588, 645.3400647575927)]
Mask Points:
[[     54.706      581.69]
 [     54.706      585.94]
 [     47.613      593.04]
 [     46.194      593.04]
 [     44.775      594.46]
 [     43.356      594.46]
 [     41.938      595.88]
 [     36.263      595.88]
 [     36.263      659.72]
 [     41.938      659.72]
 [     43.356      661.14]
 [     43.356      665.39]
 [     114.29      665.39]
 [     114.29      661.14]
 [     119.97      655.46]
 [     125.64      655.46]
 [     125.64      581.69]]
