Image_Name: 89ed028bbfdd24f71b207f1a7faf810d
Class: Neck
Inner Main Points: [(211, 344)]
Mask Points:
[[     192.33      326.31]
 [     192.33      330.57]
 [     190.91      331.99]
 [     189.49      331.99]
 [     188.07      333.41]
 [     183.81      333.41]
 [     183.81      356.11]
 [     217.86      356.11]
 [     219.28      354.69]
 [     224.96      354.69]
 [     226.38      353.27]
 [     227.79      353.27]
 [     229.21      351.85]
 [     230.63      351.85]
 [     233.47      349.01]
 [     239.14      349.01]
 [     239.14      334.83]
 [     234.89      334.83]
 [     232.05      331.99]
 [     232.05      326.31]]
