Image_Name: 89ed028bbfdd24f71b207f1a7faf810d
Class: Pants
Inner Main Points: [(250.51817323687737, 631.7203812599225), (184.06007314015284, 614.6207706467737), (139.54882039628694, 643.983313258168), (174.87463176149387, 670.2380991260281), (275.31753252830833, 643.9463467900596)]
Mask Points:
[[     121.39      581.69]
 [     121.39      699.44]
 [     244.82      699.44]
 [     244.82      695.19]
 [     246.24      693.77]
 [     261.84      693.77]
 [     263.26      692.35]
 [     285.96      692.35]
 [     293.06      685.26]
 [     293.06      683.84]
 [     294.48      682.42]
 [     294.48      675.33]
 [     293.06      673.91]
 [     293.06      648.37]
 [     294.48      646.95]
 [     294.48      627.09]
 [     293.06      625.67]
 [     293.06      607.23]
 [     294.48      605.81]
 [     294.48      597.29]
 [     297.31      594.46]
 [     301.57      594.46]
 [     301.57      581.69]]
