Image_Name: 791d5f66463763e8864498e67184b51f
Class: Ear
Inner Main Points: [(90.01418979427024, 283.7647797809992), (79.26566801552048, 270.27431775789876), (77.24805462477688, 263.87663244437164), (84.77723179792106, 264.3986247383648), (72.82328871389197, 266.4561635111532)]
Mask Points:
[[     58.963      235.51]
 [     58.963      286.59]
 [     64.638      286.59]
 [     66.056      288.01]
 [     66.056      289.43]
 [     77.406      300.78]
 [     78.825      300.78]
 [     81.663      303.61]
 [     83.081      303.61]
 [       84.5      305.03]
 [     85.919      305.03]
 [     87.338      306.45]
 [     88.756      306.45]
 [     90.175      307.87]
 [     91.594      307.87]
 [     93.013      309.29]
 [     93.013      313.54]
 [     114.29      313.54]
 [     114.29      305.03]
 [     110.04      305.03]
 [      107.2      302.19]
 [      107.2      300.78]
 [     105.78      299.36]
 [     105.78      296.52]
 [     104.36       295.1]
 [     104.36      290.84]
 [     102.94      289.43]
 [     102.94      286.59]
 [     101.53      285.17]
 [     101.53      282.33]
 [     100.11      280.91]
 [     100.11      278.08]
 [     98.688      276.66]
 [     98.688      269.56]
 [     97.269      268.14]
 [     97.269      265.31]
 [      95.85      263.89]
 [      95.85      262.47]
 [     94.431      261.05]
 [     94.431      259.63]
 [     93.013      258.21]
 [     93.013      256.79]
 [     91.594      255.38]
 [     91.594      253.96]
 [     90.175      252.54]
 [     90.175      251.12]
 [     88.756       249.7]
 [     88.756      248.28]
 [     85.919      245.44]
 [     85.919      244.03]
 [     83.081      241.19]
 [     83.081      235.51]]
