Image_Name: 791d5f66463763e8864498e67184b51f
Class: Ear
Inner Main Points: [(324.34943395321676, 275.4178907874439), (333.4730429207181, 266.0370306772814), (322.88101356707483, 251.7523408014635), (316.4027155415341, 274.57436576884436), (327.7785277139084, 260.93882119454884)]
Mask Points:
[[     315.76      224.16]
 [     315.76      228.42]
 [     314.34      229.84]
 [     314.34      231.26]
 [     312.92      232.68]
 [     312.92      234.09]
 [      311.5      235.51]
 [      311.5      236.93]
 [     310.08      238.35]
 [     310.08      239.77]
 [     308.66      241.19]
 [     308.66      245.44]
 [     307.24      246.86]
 [     307.24       249.7]
 [     305.83      251.12]
 [     305.83      255.38]
 [     304.41      256.79]
 [     304.41      259.63]
 [     302.99      261.05]
 [     302.99      262.47]
 [     301.57      263.89]
 [     297.31      263.89]
 [     297.31      302.19]
 [     304.41      302.19]
 [     304.41      297.94]
 [     305.83      296.52]
 [     308.66      296.52]
 [     310.08       295.1]
 [     314.34       295.1]
 [     315.76      293.68]
 [     317.18      293.68]
 [     318.59      292.26]
 [     321.43      292.26]
 [     322.85      290.84]
 [     324.27      290.84]
 [     327.11      288.01]
 [     328.53      288.01]
 [      334.2      282.33]
 [     335.62      282.33]
 [     338.46      279.49]
 [     338.46      278.08]
 [     342.71      273.82]
 [     342.71       272.4]
 [     344.13      270.98]
 [     344.13      269.56]
 [     345.55      268.14]
 [     345.55      265.31]
 [     346.97      263.89]
 [     346.97      261.05]
 [     348.39      259.63]
 [     352.64      259.63]
 [     352.64      244.03]
 [     348.39      244.03]
 [     346.97      242.61]
 [     346.97      235.51]
 [     345.55      234.09]
 [     345.55      231.26]
 [     344.13      229.84]
 [     344.13      224.16]]
