Image_Name: 791d5f66463763e8864498e67184b51f
Class: Eye
Inner Main Points: [(246.6703221664063, 230.62832921313205), (243.05645879215498, 234.3548056125578), (249.17733963736467, 235.1912251286059), (251.76075942249034, 225.01851892026497), (256.9021496862223, 235.1610366717662)]
Mask Points:
[[     236.31      207.14]
 [     236.31      212.81]
 [     233.47      215.65]
 [     229.21      215.65]
 [     229.21      253.96]
 [     234.89      253.96]
 [     236.31      255.38]
 [     236.31      256.79]
 [     237.73      258.21]
 [     239.14      258.21]
 [     240.56      259.63]
 [     241.98      259.63]
 [      243.4      261.05]
 [     249.08      261.05]
 [     250.49      262.47]
 [     251.91      261.05]
 [     259.01      261.05]
 [     260.43      259.63]
 [     263.26      259.63]
 [     268.94      253.96]
 [     268.94      252.54]
 [     270.36      251.12]
 [     270.36       249.7]
 [     271.78      248.28]
 [     271.78      246.86]
 [     273.19      245.44]
 [     273.19      244.03]
 [     274.61      242.61]
 [     278.87      242.61]
 [     278.87      221.33]
 [     274.61      221.33]
 [     273.19      219.91]
 [     273.19      218.49]
 [     271.78      217.07]
 [     271.78      215.65]
 [     270.36      214.23]
 [     270.36      212.81]
 [     268.94      211.39]
 [     268.94      207.14]]
