Image_Name: 791d5f66463763e8864498e67184b51f
Class: Eye
Inner Main Points: [(148.14667963951257, 224.4063073185686), (144.50072689269095, 253.72789034893572), (145.1885514350893, 246.9525885597214), (141.65147650125328, 238.57999800934286), (155.96841351449044, 252.1195936050523)]
Mask Points:
[[     132.74      212.81]
 [     132.74      217.07]
 [     131.32      218.49]
 [     127.06      218.49]
 [     127.06      262.47]
 [     131.32      262.47]
 [     135.58      266.73]
 [     135.58      268.14]
 [     136.99      269.56]
 [     136.99      273.82]
 [     158.28      273.82]
 [     158.28      269.56]
 [     159.69      268.14]
 [     159.69      266.73]
 [     163.95      262.47]
 [     163.95      259.63]
 [     165.37      258.21]
 [     165.37      256.79]
 [     166.79      255.38]
 [     171.04      255.38]
 [     171.04      235.51]
 [     166.79      235.51]
 [     165.37      234.09]
 [     165.37      232.68]
 [     163.95      231.26]
 [     163.95      228.42]
 [     162.53         227]
 [     162.53      222.74]
 [     159.69      219.91]
 [     159.69      212.81]]
