Image_Name: 791d5f66463763e8864498e67184b51f
Class: Face
Inner Main Points: [(146.95194040897093, 240.15914750821725), (284.21019036754103, 288.0581960914582), (169.9618548422094, 313.111467416269), (207.74575387014244, 205.36877050556598), (261.87003771848225, 239.14820735124812)]
Mask Points:
[[     230.63      87.963]
 [     230.63      95.056]
 [     229.21      96.475]
 [     229.21      99.313]
 [     226.38      102.15]
 [     226.38      103.57]
 [     224.96      104.99]
 [     224.96      109.24]
 [     223.54      110.66]
 [     223.54       113.5]
 [     222.12      114.92]
 [     222.12      116.34]
 [     219.28      119.18]
 [     219.28      122.01]
 [     217.86      123.43]
 [     217.86      126.27]
 [     213.61      130.53]
 [     213.61      133.36]
 [     212.19      134.78]
 [     212.19       136.2]
 [     209.35      139.04]
 [     209.35      140.46]
 [     207.93      141.88]
 [     207.93      143.29]
 [     202.26      148.97]
 [     202.26      150.39]
 [     199.42      153.23]
 [     196.58      150.39]
 [     196.58      148.97]
 [     195.16      147.55]
 [     192.33      147.55]
 [     190.91      148.97]
 [     189.49      148.97]
 [     185.23      153.23]
 [     183.81      153.23]
 [     183.81      154.64]
 [     176.72      161.74]
 [     176.72      163.16]
 [     171.04      168.83]
 [     169.62      168.83]
 [     166.79      171.67]
 [     163.95      168.83]
 [     163.95      167.41]
 [     162.53      165.99]
 [     162.53       158.9]
 [     161.11      157.48]
 [     161.11      150.39]
 [     159.69      148.97]
 [     159.69      131.94]
 [     156.86      129.11]
 [     154.02      129.11]
 [      152.6      127.69]
 [      152.6      126.27]
 [     151.18      124.85]
 [     151.18       113.5]
 [     149.76      112.08]
 [     149.76      97.894]
 [     148.34      97.894]
 [     146.93      99.313]
 [     146.93      100.73]
 [     145.51      102.15]
 [     144.09      102.15]
 [     138.41      107.83]
 [     138.41      109.24]
 [     125.64      122.01]
 [     125.64      123.43]
 [     119.97      129.11]
 [     119.97      130.53]
 [     115.71      134.78]
 [     115.71       136.2]
 [     111.46      140.46]
 [     111.46      141.88]
 [     105.78      147.55]
 [     105.78      148.97]
 [     101.53      153.23]
 [     100.11      153.23]
 [     100.11      154.64]
 [     94.431      160.32]
 [     94.431      161.74]
 [     91.594      164.58]
 [     90.175      164.58]
 [     90.175      165.99]
 [     85.919      170.25]
 [     81.663      170.25]
 [     81.663      242.61]
 [     87.338      242.61]
 [     90.175      245.44]
 [     90.175      246.86]
 [     93.013       249.7]
 [     93.013      251.12]
 [      95.85      253.96]
 [      95.85      255.38]
 [     97.269      256.79]
 [     97.269      258.21]
 [     98.688      259.63]
 [     98.688      263.89]
 [     100.11      265.31]
 [     100.11      268.14]
 [     101.53      269.56]
 [     101.53      270.98]
 [     100.11       272.4]
 [     100.11      273.82]
 [     101.53      275.24]
 [     101.53      279.49]
 [     102.94      280.91]
 [     102.94      283.75]
 [     104.36      285.17]
 [     104.36      288.01]
 [     105.78      289.43]
 [     105.78      290.84]
 [      107.2      292.26]
 [      107.2       295.1]
 [     108.62      296.52]
 [     108.62      299.36]
 [     110.04      300.78]
 [     110.04      302.19]
 [     111.46      303.61]
 [     111.46      305.03]
 [     124.23       317.8]
 [     125.64       317.8]
 [     128.48      320.64]
 [      129.9      320.64]
 [     131.32      322.06]
 [     132.74      322.06]
 [     134.16      323.48]
 [     135.58      323.48]
 [     138.41      326.31]
 [     139.83      326.31]
 [     142.67      329.15]
 [     144.09      329.15]
 [     145.51      330.57]
 [     148.34      330.57]
 [     149.76      331.99]
 [      152.6      331.99]
 [     154.02      333.41]
 [     156.86      333.41]
 [     158.28      334.83]
 [     163.95      334.83]
 [     165.37      336.24]
 [     166.79      336.24]
 [     168.21      337.66]
 [     168.21      341.92]
 [     193.74      341.92]
 [     193.74      337.66]
 [     195.16      336.24]
 [     196.58      336.24]
 [        198      334.83]
 [     203.68      334.83]
 [     205.09      333.41]
 [     236.31      333.41]
 [     237.73      331.99]
 [     241.98      331.99]
 [      243.4      330.57]
 [     246.24      330.57]
 [     247.66      329.15]
 [     250.49      329.15]
 [     251.91      327.73]
 [     253.33      327.73]
 [     254.75      326.31]
 [     256.17      326.31]
 [     257.59      324.89]
 [     259.01      324.89]
 [     260.43      323.48]
 [     261.84      323.48]
 [     264.68      320.64]
 [      266.1      320.64]
 [     267.52      319.22]
 [     268.94      319.22]
 [     271.78      316.38]
 [     273.19      316.38]
 [     277.45      312.12]
 [     278.87      312.12]
 [     291.64      299.36]
 [     291.64      297.94]
 [     293.06      296.52]
 [     293.06       295.1]
 [     294.48      293.68]
 [     294.48      290.84]
 [     295.89      289.43]
 [     295.89      288.01]
 [     297.31      286.59]
 [     297.31      282.33]
 [     298.73      280.91]
 [     298.73      275.24]
 [     300.15      273.82]
 [     300.15      268.14]
 [     301.57      266.73]
 [     301.57      262.47]
 [     302.99      261.05]
 [     302.99      255.38]
 [     304.41      253.96]
 [     304.41      248.28]
 [     305.83      246.86]
 [     305.83      244.03]
 [     307.24      242.61]
 [     307.24      239.77]
 [     308.66      238.35]
 [     308.66      234.09]
 [     310.08      232.68]
 [     310.08      231.26]
 [     312.92      228.42]
 [     312.92      225.58]
 [     314.34      224.16]
 [     314.34      218.49]
 [     315.76      217.07]
 [     315.76      205.72]
 [     317.18       204.3]
 [     317.18      194.37]
 [     312.92      190.11]
 [     312.92      187.28]
 [      311.5      185.86]
 [      311.5      184.44]
 [     310.08      183.02]
 [     310.08       181.6]
 [     307.24      178.76]
 [     307.24      175.93]
 [     305.83      174.51]
 [     305.83      173.09]
 [     304.41      171.67]
 [     304.41      170.25]
 [     302.99      168.83]
 [     302.99      167.41]
 [     301.57      165.99]
 [     301.57      164.58]
 [     298.73      161.74]
 [     298.73      160.32]
 [     297.31       158.9]
 [     297.31      156.06]
 [     295.89      154.64]
 [     295.89      151.81]
 [      288.8      144.71]
 [     287.38      144.71]
 [     283.13      140.46]
 [     281.71      140.46]
 [     276.03      134.78]
 [     274.61      134.78]
 [     246.24      106.41]
 [     246.24      104.99]
 [     239.14      97.894]
 [     239.14      96.475]
 [     236.31      93.638]
 [     236.31      87.963]]
