Image_Name: 791d5f66463763e8864498e67184b51f
Class: Hand
Inner Main Points: [(340.10364144968673, 630.7356916987051), (329.39607350607554, 622.9442665889785), (313.8844219505183, 625.1875496099061), (318.4272032253623, 628.6775678912414), (324.12582515620386, 631.6014323245942)]
Mask Points:
[[     297.31      598.71]
 [     297.31      627.09]
 [     301.57      627.09]
 [     305.83      631.34]
 [     305.83      632.76]
 [     307.24      634.18]
 [     307.24      637.02]
 [     308.66      638.44]
 [     308.66      639.86]
 [     310.08      641.28]
 [     310.08      642.69]
 [      311.5      644.11]
 [     312.92      644.11]
 [     314.34      645.53]
 [     322.85      645.53]
 [     324.27      646.95]
 [     325.69      646.95]
 [     328.53      649.79]
 [     328.53      651.21]
 [     329.94      652.62]
 [     329.94      654.04]
 [      334.2       658.3]
 [     339.88       658.3]
 [     341.29      656.88]
 [     342.71      656.88]
 [     346.97      652.62]
 [     348.39      652.62]
 [     349.81      654.04]
 [     349.81      655.46]
 [     351.23      655.46]
 [     352.64      656.88]
 [     359.74      656.88]
 [     361.16      655.46]
 [     361.16      646.95]
 [     359.74      645.53]
 [     359.74      644.11]
 [     358.32      642.69]
 [     358.32      641.28]
 [      356.9      639.86]
 [      356.9      638.44]
 [     355.48      637.02]
 [     355.48      634.18]
 [     354.06      632.76]
 [     354.06      631.34]
 [     352.64      629.93]
 [     352.64      627.09]
 [     351.23      625.67]
 [     351.23      621.41]
 [     349.81      619.99]
 [     349.81      618.58]
 [     348.39      617.16]
 [     348.39      615.74]
 [     346.97      614.32]
 [     346.97       612.9]
 [     337.04      602.97]
 [     337.04      598.71]]
