Image_Name: 791d5f66463763e8864498e67184b51f
Class: Hand
Inner Main Points: [(74.70478957740897, 611.282055638715), (81.72692240806307, 607.6448800944066), (82.68808934249195, 624.5218962696731), (84.51517894089766, 620.5248388156881), (80.45068869046267, 617.9241000467198)]
Mask Points:
[[     67.475      593.04]
 [     67.475      600.13]
 [     63.219      604.39]
 [     63.219      605.81]
 [     60.381      608.64]
 [     60.381      610.06]
 [     57.544       612.9]
 [     57.544      614.32]
 [     56.125      615.74]
 [     56.125      619.99]
 [     54.706      621.41]
 [     54.706      624.25]
 [     53.288      625.67]
 [     53.288      628.51]
 [     51.869      629.93]
 [     51.869      631.34]
 [      50.45      632.76]
 [      50.45      634.18]
 [     49.031       635.6]
 [     49.031      637.02]
 [     46.194      639.86]
 [     41.938      639.86]
 [     41.938       658.3]
 [     53.288       658.3]
 [     54.706      656.88]
 [     56.125      656.88]
 [     63.219      649.79]
 [     67.475      654.04]
 [     67.475      655.46]
 [     68.894      655.46]
 [     70.312      656.88]
 [     75.988      656.88]
 [     78.825      654.04]
 [     78.825      648.37]
 [     80.244      646.95]
 [     80.244      644.11]
 [     81.663      642.69]
 [     85.919      642.69]
 [     87.338      641.28]
 [     91.594      641.28]
 [     94.431      638.44]
 [     94.431      634.18]
 [     93.013      632.76]
 [     93.013      629.93]
 [     94.431      628.51]
 [     94.431      627.09]
 [     100.11      621.41]
 [     100.11      619.99]
 [     102.94      617.16]
 [     102.94      615.74]
 [     104.36      614.32]
 [     104.36      611.48]
 [     105.78      610.06]
 [     105.78      600.13]
 [     104.36      598.71]
 [     91.594      598.71]
 [     90.175      597.29]
 [     90.175      593.04]]
