Image_Name: 791d5f66463763e8864498e67184b51f
Class: Leg
Inner Main Points: [(179.65066994702335, 771.5077258860424), (170.65325926283555, 764.6971554111547), (168.79776110259908, 736.2206073867279), (163.74205479671008, 741.8012920545855), (166.01902166595067, 760.2268100630097)]
Mask Points:
[[     138.41      689.51]
 [     138.41      790.24]
 [     144.09      790.24]
 [     145.51      791.66]
 [     149.76      791.66]
 [     151.18      793.08]
 [     178.14      793.08]
 [     179.56      791.66]
 [     183.81      791.66]
 [     185.23      790.24]
 [     188.07      790.24]
 [     188.07      788.83]
 [     189.49      787.41]
 [     189.49      783.15]
 [     190.91      781.73]
 [     190.91      770.38]
 [     192.33      768.96]
 [     192.33      750.52]
 [     193.74       749.1]
 [     193.74      733.49]
 [     195.16      732.08]
 [     199.42      732.08]
 [     199.42      689.51]
 [     172.46      689.51]
 [     172.46      693.77]
 [     171.04      695.19]
 [     156.86      695.19]
 [     155.44      693.77]
 [     155.44      689.51]]
