Image_Name: 791d5f66463763e8864498e67184b51f
Class: Leg
Inner Main Points: [(230.27749682999234, 716.8270135910523), (238.461256269043, 734.8228364299907), (234.65895466987016, 708.9472004522579), (229.25043897532328, 756.8436676167528), (252.75938874871787, 753.23603865567)]
Mask Points:
[[     259.01      683.84]
 [     259.01      688.09]
 [     257.59      689.51]
 [     256.17      689.51]
 [     254.75      690.93]
 [     250.49      690.93]
 [     249.08      692.35]
 [     233.47      692.35]
 [     232.05      690.93]
 [     226.38      690.93]
 [     224.96      689.51]
 [     217.86      689.51]
 [     217.86      768.96]
 [     222.12      768.96]
 [     223.54      770.38]
 [     223.54      776.06]
 [     224.96      777.48]
 [     224.96      787.41]
 [     226.38      788.83]
 [     226.38      790.24]
 [     227.79      791.66]
 [     237.73      791.66]
 [     239.14      793.08]
 [     257.59      793.08]
 [     259.01      791.66]
 [     261.84      791.66]
 [     263.26      790.24]
 [      266.1      790.24]
 [     267.52      788.83]
 [     270.36      788.83]
 [     273.19      785.99]
 [     273.19      770.38]
 [     274.61      768.96]
 [     274.61      750.52]
 [     276.03       749.1]
 [     276.03      727.82]
 [     277.45       726.4]
 [     277.45      706.54]
 [     278.87      705.12]
 [     278.87      693.77]
 [     280.29      692.35]
 [     284.54      692.35]
 [     284.54      683.84]]
