Image_Name: 791d5f66463763e8864498e67184b51f
Class: Lower_clothes
Inner Main Points: [(156.80402185601648, 638.7579064883931), (271.534503323555, 592.1729314193774), (280.33220025428074, 659.7121880419838), (132.9275084506567, 598.5271231790904), (253.45777891972148, 605.2777638697154)]
Mask Points:
[[     124.23      581.69]
 [     124.23      585.94]
 [     122.81      587.36]
 [     122.81      591.62]
 [     121.39      593.04]
 [     121.39      594.46]
 [     119.97      595.88]
 [     115.71      595.88]
 [     115.71         681]
 [     119.97         681]
 [     121.39      682.42]
 [     122.81      682.42]
 [     124.23      683.84]
 [     125.64      683.84]
 [     127.06      685.26]
 [     128.48      685.26]
 [      129.9      686.68]
 [     136.99      686.68]
 [     138.41      688.09]
 [     144.09      688.09]
 [     145.51      689.51]
 [     146.93      689.51]
 [     148.34      690.93]
 [     151.18      690.93]
 [      152.6      692.35]
 [     154.02      692.35]
 [     155.44      693.77]
 [     156.86      693.77]
 [     158.28      695.19]
 [     158.28      699.44]
 [     169.62      699.44]
 [     169.62      695.19]
 [     171.04      693.77]
 [     173.88      693.77]
 [      175.3      692.35]
 [     179.56      692.35]
 [     180.98      690.93]
 [     186.65      690.93]
 [     188.07      689.51]
 [     199.42      689.51]
 [     200.84      688.09]
 [     203.68      688.09]
 [     205.09      686.68]
 [     206.51      686.68]
 [     207.93      688.09]
 [     223.54      688.09]
 [     224.96      689.51]
 [     232.05      689.51]
 [     233.47      690.93]
 [     247.66      690.93]
 [     249.08      689.51]
 [     253.33      689.51]
 [     254.75      688.09]
 [     257.59      688.09]
 [     259.01      686.68]
 [     261.84      686.68]
 [     263.26      685.26]
 [      266.1      685.26]
 [     267.52      683.84]
 [     273.19      683.84]
 [     274.61      682.42]
 [     276.03      682.42]
 [     277.45      683.84]
 [     278.87      683.84]
 [     280.29      682.42]
 [     284.54      682.42]
 [     285.96         681]
 [     287.38         681]
 [     290.22      678.16]
 [     295.89      678.16]
 [     295.89      649.79]
 [     291.64      649.79]
 [     290.22      648.37]
 [     290.22      644.11]
 [      288.8      642.69]
 [      288.8      634.18]
 [     287.38      632.76]
 [     287.38      618.58]
 [     285.96      617.16]
 [     285.96      608.64]
 [     284.54      607.23]
 [     284.54      601.55]
 [     283.13      600.13]
 [     283.13       590.2]
 [     281.71      588.78]
 [     281.71      581.69]
 [     263.26      581.69]
 [     263.26      585.94]
 [     261.84      587.36]
 [     260.43      587.36]
 [     259.01      588.78]
 [     254.75      588.78]
 [     253.33       590.2]
 [     249.08       590.2]
 [     247.66      591.62]
 [     236.31      591.62]
 [     234.89      593.04]
 [     158.28      593.04]
 [     156.86      591.62]
 [      152.6      591.62]
 [     151.18       590.2]
 [     148.34       590.2]
 [     146.93      588.78]
 [     144.09      588.78]
 [     142.67      587.36]
 [     141.25      587.36]
 [     139.83      585.94]
 [     139.83      581.69]]
