Image_Name: 791d5f66463763e8864498e67184b51f
Class: Shoe
Inner Main Points: [(265.33129088452915, 845.8074488573092), (269.64307924419836, 878.9968137443393), (283.29585536061154, 862.4859320633764), (256.16785160139665, 834.5695336776714), (258.950355641223, 858.1399670601318)]
Mask Points:
[[     223.54      820.04]
 [     223.54      875.37]
 [     229.21      875.37]
 [     233.47      879.63]
 [     234.89      879.63]
 [     237.73      882.46]
 [     239.14      882.46]
 [     241.98       885.3]
 [      243.4       885.3]
 [     244.82      886.72]
 [     246.24      886.72]
 [     247.66      888.14]
 [     251.91      888.14]
 [     253.33      889.56]
 [     267.52      889.56]
 [     268.94      890.98]
 [     281.71      890.98]
 [     283.13      889.56]
 [     294.48      889.56]
 [     295.89      888.14]
 [     305.83      888.14]
 [     307.24      886.72]
 [      311.5      886.72]
 [     312.92       885.3]
 [     314.34       885.3]
 [     317.18      882.46]
 [     318.59      882.46]
 [     320.01      881.04]
 [     324.27      881.04]
 [     324.27      859.76]
 [     320.01      859.76]
 [     315.76      855.51]
 [     315.76      854.09]
 [     314.34      852.67]
 [     314.34      851.25]
 [     308.66      845.58]
 [     307.24      845.58]
 [     302.99      841.32]
 [     301.57      841.32]
 [     300.15       839.9]
 [     298.73       839.9]
 [     297.31      838.48]
 [     297.31      837.06]
 [     295.89      835.64]
 [     294.48      835.64]
 [     293.06      834.23]
 [     293.06      832.81]
 [     285.96      825.71]
 [     285.96      820.04]
 [     249.08      820.04]
 [     249.08      825.71]
 [      243.4      831.39]
 [      243.4      832.81]
 [     240.56      835.64]
 [     239.14      835.64]
 [     237.73      834.23]
 [     236.31      834.23]
 [     229.21      827.13]
 [     229.21      820.04]]
