Image_Name: 791d5f66463763e8864498e67184b51f
Class: Stock
Inner Main Points: [(172.54509388041228, 822.5194338949975), (156.54768850563707, 807.3786199066687), (165.56701941920022, 804.0841894493091), (165.8294960382949, 807.2072675875074), (155.6974977946798, 807.6935304867903)]
Mask Points:
[[     138.41      791.66]
 [     138.41      814.36]
 [     145.51      814.36]
 [     146.93      815.78]
 [     148.34      815.78]
 [     149.76       817.2]
 [     151.18       817.2]
 [      152.6      818.62]
 [     154.02      818.62]
 [     156.86      821.46]
 [     156.86      822.88]
 [     159.69      825.71]
 [     159.69      827.13]
 [     161.11      828.55]
 [     161.11      831.39]
 [     163.95      834.23]
 [     163.95      835.64]
 [     165.37      837.06]
 [     165.37      841.32]
 [     172.46      841.32]
 [     172.46      837.06]
 [      175.3      834.23]
 [     176.72      834.23]
 [     179.56      831.39]
 [     180.98      831.39]
 [     180.98      829.97]
 [     185.23      825.71]
 [     185.23      824.29]
 [     186.65      822.88]
 [     186.65       817.2]
 [     188.07      815.78]
 [     188.07      800.18]
 [     189.49      798.76]
 [     193.74      798.76]
 [     193.74      791.66]]
