Image_Name: 791d5f66463763e8864498e67184b51f
Class: Stock
Inner Main Points: [(249.83978523751998, 801.7849808542325), (261.88455668511375, 803.6590569710252), (243.08439872307662, 804.1605297765113), (248.0946578591135, 804.6466968296919), (259.1413411610344, 801.9838155552545)]
Mask Points:
[[     229.21      791.66]
 [     229.21      831.39]
 [     234.89      831.39]
 [     236.31      832.81]
 [     237.73      832.81]
 [     239.14      834.23]
 [     246.24      827.13]
 [     246.24      825.71]
 [     247.66      824.29]
 [     249.08      824.29]
 [     250.49      822.88]
 [     251.91      822.88]
 [     253.33      821.46]
 [     254.75      821.46]
 [     256.17      820.04]
 [     278.87      820.04]
 [     278.87      798.76]
 [     274.61      798.76]
 [     273.19      797.34]
 [     273.19      791.66]]
