Image_Name: 791d5f66463763e8864498e67184b51f
Class: Upper_clothes
Inner Main Points: [(245.88549715885617, 524.2548158340164), (202.4449935357153, 421.67511392641757), (273.8081309182576, 501.63657747336975), (258.6773935699522, 459.830473002019), (183.65529350628643, 478.99988224693755)]
Mask Points:
[[     176.72      349.01]
 [     176.72      353.27]
 [     172.46      357.53]
 [     171.04      357.53]
 [     168.21      360.36]
 [     166.79      360.36]
 [     162.53      364.62]
 [     161.11      364.62]
 [     156.86      368.88]
 [     155.44      368.88]
 [      152.6      371.71]
 [     151.18      371.71]
 [     145.51      377.39]
 [     144.09      377.39]
 [     144.09      378.81]
 [     138.41      384.48]
 [     138.41       385.9]
 [     136.99      387.32]
 [     136.99      388.74]
 [     134.16      391.58]
 [     134.16      392.99]
 [     132.74      394.41]
 [     132.74      395.83]
 [     131.32      397.25]
 [     131.32      398.67]
 [      129.9      400.09]
 [      129.9      401.51]
 [     127.06      404.34]
 [     127.06      405.76]
 [     125.64      407.18]
 [     125.64      410.02]
 [     124.23      411.44]
 [     124.23      412.86]
 [     122.81      414.28]
 [     122.81      415.69]
 [     121.39      417.11]
 [     121.39      418.53]
 [     119.97      419.95]
 [     119.97      421.37]
 [     118.55      422.79]
 [     118.55      424.21]
 [     117.13      425.63]
 [     117.13      427.04]
 [     115.71      428.46]
 [     115.71      429.88]
 [     114.29       431.3]
 [     114.29      434.14]
 [     112.88      435.56]
 [     112.88      436.98]
 [     111.46      438.39]
 [     111.46      439.81]
 [     110.04      441.23]
 [     110.04      442.65]
 [     108.62      444.07]
 [     108.62      446.91]
 [      107.2      448.33]
 [      107.2      451.16]
 [     104.36         454]
 [     104.36      456.84]
 [     102.94      458.26]
 [     102.94      461.09]
 [     101.53      462.51]
 [     101.53      465.35]
 [     98.688      468.19]
 [     98.688      472.44]
 [     97.269      473.86]
 [     97.269       476.7]
 [      95.85      478.12]
 [      95.85      479.54]
 [     94.431      480.96]
 [     94.431      482.38]
 [     93.013      483.79]
 [     93.013      485.21]
 [     91.594      486.63]
 [     91.594      489.47]
 [     90.175      490.89]
 [     90.175      492.31]
 [     88.756      493.73]
 [     88.756      495.14]
 [     87.338      496.56]
 [     87.338      497.98]
 [     85.919       499.4]
 [     85.919      502.24]
 [       84.5      503.66]
 [       84.5      506.49]
 [     83.081      507.91]
 [     83.081      509.33]
 [     81.663      510.75]
 [     81.663      512.17]
 [     80.244      513.59]
 [     80.244      516.43]
 [     78.825      517.84]
 [     78.825      519.26]
 [     77.406      520.68]
 [     77.406       522.1]
 [     74.569      524.94]
 [     70.312      524.94]
 [     70.312      593.04]
 [     74.569      593.04]
 [     75.988      594.46]
 [     77.406      594.46]
 [     78.825      595.88]
 [     83.081      595.88]
 [       84.5      597.29]
 [     90.175      597.29]
 [     91.594      598.71]
 [     94.431      598.71]
 [      95.85      597.29]
 [     97.269      597.29]
 [     98.688      598.71]
 [     108.62      598.71]
 [     112.88      594.46]
 [     112.88      593.04]
 [     114.29      591.62]
 [     114.29       590.2]
 [     115.71      588.78]
 [     115.71      587.36]
 [     121.39      581.69]
 [     122.81      581.69]
 [     124.23      580.27]
 [     128.48      580.27]
 [      129.9      581.69]
 [     131.32      581.69]
 [     132.74      583.11]
 [     134.16      583.11]
 [     135.58      584.53]
 [     136.99      584.53]
 [     138.41      585.94]
 [     142.67      585.94]
 [     144.09      587.36]
 [     146.93      587.36]
 [     148.34      588.78]
 [      152.6      588.78]
 [     154.02       590.2]
 [     159.69       590.2]
 [     161.11      591.62]
 [     230.63      591.62]
 [     232.05       590.2]
 [     246.24       590.2]
 [     247.66      588.78]
 [     253.33      588.78]
 [     254.75      587.36]
 [     259.01      587.36]
 [     260.43      585.94]
 [     263.26      585.94]
 [     264.68      584.53]
 [     268.94      584.53]
 [     270.36      583.11]
 [     281.71      583.11]
 [     284.54      585.94]
 [     284.54      591.62]
 [     285.96      593.04]
 [     285.96      597.29]
 [     287.38      598.71]
 [      288.8      598.71]
 [     290.22      600.13]
 [     294.48      600.13]
 [     295.89      598.71]
 [     315.76      598.71]
 [     317.18      597.29]
 [     320.01      597.29]
 [     321.43      595.88]
 [     324.27      595.88]
 [     325.69      594.46]
 [     328.53      594.46]
 [     331.36      591.62]
 [     331.36      578.85]
 [     332.78      577.43]
 [     332.78      574.59]
 [      334.2      573.18]
 [      334.2      571.76]
 [     337.04      568.92]
 [     341.29      568.92]
 [     341.29      534.87]
 [     337.04      534.87]
 [      334.2      532.03]
 [      334.2      529.19]
 [     332.78      527.78]
 [     332.78      524.94]
 [     331.36      523.52]
 [     331.36      519.26]
 [     329.94      517.84]
 [     329.94      515.01]
 [     328.53      513.59]
 [     328.53      512.17]
 [     327.11      510.75]
 [     327.11      506.49]
 [     325.69      505.08]
 [     325.69      500.82]
 [     324.27       499.4]
 [     324.27      496.56]
 [     322.85      495.14]
 [     322.85      493.73]
 [     321.43      492.31]
 [     321.43      489.47]
 [     320.01      488.05]
 [     320.01      483.79]
 [     318.59      482.38]
 [     318.59      479.54]
 [     317.18      478.12]
 [     317.18       476.7]
 [     315.76      475.28]
 [     315.76      471.03]
 [     314.34      469.61]
 [     314.34      466.77]
 [     312.92      465.35]
 [     312.92      463.93]
 [      311.5      462.51]
 [      311.5      459.68]
 [     310.08      458.26]
 [     310.08         454]
 [     308.66      452.58]
 [     308.66      449.74]
 [     307.24      448.33]
 [     307.24      446.91]
 [     305.83      445.49]
 [     305.83      444.07]
 [     304.41      442.65]
 [     304.41      439.81]
 [     302.99      438.39]
 [     302.99      435.56]
 [     301.57      434.14]
 [     301.57      432.72]
 [     300.15       431.3]
 [     300.15      429.88]
 [     298.73      428.46]
 [     298.73      425.63]
 [     297.31      424.21]
 [     297.31      421.37]
 [     295.89      419.95]
 [     295.89      417.11]
 [     294.48      415.69]
 [     294.48      414.28]
 [     293.06      412.86]
 [     293.06      411.44]
 [     291.64      410.02]
 [     291.64       408.6]
 [     290.22      407.18]
 [     290.22      405.76]
 [      288.8      404.34]
 [      288.8      402.93]
 [     287.38      401.51]
 [     287.38      400.09]
 [     285.96      398.67]
 [     285.96      397.25]
 [     284.54      395.83]
 [     284.54      394.41]
 [     281.71      391.58]
 [     281.71      390.16]
 [     278.87      387.32]
 [     278.87       385.9]
 [      266.1      373.13]
 [     264.68      373.13]
 [     254.75       363.2]
 [     253.33       363.2]
 [     250.49      360.36]
 [     250.49      358.94]
 [     247.66      356.11]
 [     247.66      349.01]]
