Image_Name: ce2f7b4f9a860c05b318d48457c274b2
Class: Pants
Inner Main Points: [(207.23212073597696, 607.9103724614995), (161.5779744702165, 657.0921482981333), (147.2747077002761, 629.5439107042325), (139.416051851401, 611.0677132457527), (240.28252480991472, 640.1936003565448)]
Mask Points:
[[     124.83       568.6]
 [     124.83       682.6]
 [     159.17       682.6]
 [     159.17      678.48]
 [     160.54       677.1]
 [     166.04       677.1]
 [     167.41      675.73]
 [      240.2      675.73]
 [     241.58      674.36]
 [     242.95      674.36]
 [     244.32      672.98]
 [     249.82      672.98]
 [     249.82       568.6]]
