Image_Name: 1724159286837
Class: Pants
Inner Main Points: [(155.72383977846965, 596.4198337877781), (233.51187897764083, 689.1183979495449), (281.0295639166145, 596.6646294864479), (171.13752075036552, 603.9462224605076), (224.30575668871333, 693.5677601260309)]
Mask Points:
[[     121.39      581.69]
 [     121.39      699.44]
 [     244.82      699.44]
 [     244.82      695.19]
 [     246.24      693.77]
 [     261.84      693.77]
 [     263.26      692.35]
 [     285.96      692.35]
 [     293.06      685.26]
 [     293.06      683.84]
 [     294.48      682.42]
 [     294.48      675.33]
 [     293.06      673.91]
 [     293.06      648.37]
 [     294.48      646.95]
 [     294.48      627.09]
 [     293.06      625.67]
 [     293.06      607.23]
 [     294.48      605.81]
 [     294.48      597.29]
 [     297.31      594.46]
 [     301.57      594.46]
 [     301.57      581.69]]
