Image_Name: 556f4347bf7072d8eaaf32fd2dd2d82f
Class: Lower_clothes
Inner Main Points: [(632.7608775445622, 949.4530032442957), (151.55459281263822, 1120.2073229461644), (359.9452272117548, 810.9805512448481), (828.758735322932, 884.0706107434603), (282.332010291042, 796.3704016489282)]
Mask Points:
[[         96         582]
 [         96         594]
 [         93         597]
 [         90         597]
 [         87         600]
 [         81         600]
 [         78         603]
 [         51         603]
 [         48         606]
 [         33         606]
 [         30         603]
 [         27         603]
 [         18         612]
 [         15         612]
 [         12         609]
 [          9         609]
 [          6         606]
 [          6         603]
 [          3         600]
 [          0         600]
 [          0        1080]
 [         63        1080]
 [         66        1077]
 [         78        1077]
 [         81        1080]
 [         96        1080]
 [         99        1080]
 [        120        1080]
 [        123        1080]
 [        156        1080]
 [        159        1077]
 [        183        1077]
 [        186        1080]
 [        216        1080]
 [        222        1080]
 [        219        1080]
 [        213        1080]
 [        210        1080]
 [        204        1080]
 [        201        1080]
 [        198        1080]
 [        195        1080]
 [        192        1080]
 [        192        1080]
 [        189        1080]
 [        189        1080]
 [       1917        1080]
 [       1917         957]
 [       1911         957]
 [       1908         960]
 [       1905         960]
 [       1902         963]
 [       1890         963]
 [       1887         960]
 [       1881         960]
 [       1878         957]
 [       1872         957]
 [       1863         948]
 [       1860         948]
 [       1857         945]
 [       1854         945]
 [       1851         942]
 [       1830         942]
 [       1827         939]
 [       1827         936]
 [       1824         933]
 [       1824         927]
 [       1827         924]
 [       1827         921]
 [       1830         918]
 [       1821         909]
 [       1818         909]
 [       1815         906]
 [       1812         906]
 [       1803         897]
 [       1803         894]
 [       1797         888]
 [       1797         885]
 [       1794         882]
 [       1794         879]
 [       1779         864]
 [       1779         861]
 [       1776         858]
 [       1776         855]
 [       1770         849]
 [       1770         843]
 [       1767         840]
 [       1767         813]
 [       1764         810]
 [       1764         786]
 [       1761         783]
 [       1761         750]
 [       1764         747]
 [       1764         738]
 [       1767         735]
 [       1767         711]
 [       1764         708]
 [       1764         702]
 [       1761         699]
 [       1761         690]
 [       1758         687]
 [       1758         648]
 [       1761         645]
 [       1761         642]
 [       1767         636]
 [       1770         636]
 [       1776         642]
 [       1776         645]
 [       1785         654]
 [       1785         657]
 [       1791         663]
 [       1791         678]
 [       1794         681]
 [       1797         678]
 [       1797         663]
 [       1800         660]
 [       1800         654]
 [       1803         651]
 [       1803         624]
 [       1806         621]
 [       1806         609]
 [       1800         603]
 [       1794         603]
 [       1791         600]
 [       1785         600]
 [       1782         597]
 [       1755         597]
 [       1746         606]
 [       1743         606]
 [       1734         597]
 [       1734         582]
 [       1461         582]
 [       1461         597]
 [       1464         600]
 [       1464         621]
 [       1467         624]
 [       1467         627]
 [       1470         630]
 [       1470         642]
 [       1473         645]
 [       1473         669]
 [       1470         672]
 [       1470         684]
 [       1467         687]
 [       1467         738]
 [       1470         741]
 [       1470         762]
 [       1473         765]
 [       1473         792]
 [       1476         795]
 [       1476         816]
 [       1479         819]
 [       1479         825]
 [       1482         825]
 [       1482         822]
 [       1491         813]
 [       1503         813]
 [       1506         816]
 [       1506         846]
 [       1503         849]
 [       1503         864]
 [       1506         867]
 [       1506         885]
 [       1509         882]
 [       1515         882]
 [       1515         879]
 [       1518         876]
 [       1518         867]
 [       1527         858]
 [       1530         858]
 [       1533         855]
 [       1536         855]
 [       1539         852]
 [       1542         852]
 [       1545         849]
 [       1548         849]
 [       1551         846]
 [       1554         846]
 [       1557         849]
 [       1560         849]
 [       1563         852]
 [       1569         852]
 [       1572         855]
 [       1578         855]
 [       1587         864]
 [       1590         864]
 [       1596         870]
 [       1596         873]
 [       1599         876]
 [       1599         885]
 [       1602         888]
 [       1602         903]
 [       1599         906]
 [       1599         930]
 [       1596         933]
 [       1596         936]
 [       1587         945]
 [       1584         945]
 [       1581         948]
 [       1551         948]
 [       1548         945]
 [       1542         945]
 [       1539         942]
 [       1533         942]
 [       1530         939]
 [       1524         939]
 [       1521         936]
 [       1518         936]
 [       1515         933]
 [       1512         933]
 [       1503         924]
 [       1503         921]
 [       1497         921]
 [       1494         918]
 [       1488         918]
 [       1485         915]
 [       1473         915]
 [       1470         912]
 [       1449         912]
 [       1446         915]
 [       1431         915]
 [       1428         918]
 [       1407         918]
 [       1404         921]
 [       1365         921]
 [       1362         924]
 [       1221         924]
 [       1218         927]
 [       1209         927]
 [       1206         924]
 [       1203         927]
 [       1143         927]
 [       1140         924]
 [       1119         924]
 [       1116         921]
 [       1113         921]
 [       1101         909]
 [       1098         909]
 [       1083         894]
 [       1080         894]
 [       1071         885]
 [       1068         885]
 [       1065         882]
 [       1059         882]
 [       1053         876]
 [       1050         876]
 [       1047         873]
 [       1044         873]
 [       1041         870]
 [       1038         870]
 [       1032         864]
 [       1029         864]
 [       1014         849]
 [       1011         849]
 [       1005         843]
 [       1005         840]
 [       1002         837]
 [       1002         834]
 [        975         807]
 [        972         807]
 [        960         795]
 [        957         795]
 [        954         792]
 [        948         792]
 [        945         789]
 [        939         789]
 [        936         786]
 [        927         786]
 [        924         783]
 [        921         783]
 [        915         777]
 [        912         777]
 [        909         780]
 [        891         780]
 [        885         774]
 [        876         774]
 [        873         771]
 [        855         771]
 [        852         774]
 [        828         774]
 [        825         777]
 [        819         777]
 [        816         780]
 [        795         780]
 [        792         777]
 [        780         777]
 [        777         774]
 [        759         774]
 [        756         771]
 [        747         771]
 [        744         768]
 [        735         768]
 [        732         765]
 [        726         765]
 [        723         762]
 [        714         762]
 [        711         759]
 [        720         750]
 [        711         741]
 [        711         738]
 [        708         735]
 [        711         732]
 [        711         723]
 [        708         720]
 [        708         711]
 [        705         708]
 [        705         705]
 [        696         696]
 [        690         696]
 [        681         687]
 [        681         684]
 [        675         678]
 [        633         678]
 [        630         675]
 [        627         675]
 [        624         672]
 [        618         672]
 [        615         669]
 [        612         669]
 [        609         666]
 [        597         666]
 [        585         678]
 [        585         681]
 [        579         687]
 [        567         687]
 [        564         684]
 [        564         681]
 [        558         675]
 [        540         675]
 [        537         672]
 [        519         672]
 [        516         669]
 [        495         669]
 [        492         672]
 [        474         672]
 [        471         675]
 [        465         675]
 [        462         678]
 [        438         678]
 [        429         669]
 [        429         666]
 [        426         663]
 [        426         615]
 [        423         612]
 [        423         606]
 [        414         597]
 [        408         597]
 [        405         594]
 [        399         594]
 [        396         597]
 [        378         597]
 [        375         600]
 [        324         600]
 [        321         597]
 [        309         597]
 [        306         600]
 [        303         600]
 [        300         597]
 [        243         597]
 [        240         600]
 [        234         600]
 [        231         603]
 [        228         603]
 [        225         600]
 [        219         600]
 [        216         603]
 [        165         603]
 [        162         600]
 [        159         600]
 [        153         594]
 [        153         582]]
