Image_Name: 6f6758fc212726e891ecb66e1ed22df8
Class: Shoe
Inner Main Points: [(219.8458172718677, 873.8469968987602), (249.88055321617216, 877.0497072388629), (240.5348111795861, 847.7568078065366), (247.11096562906204, 869.5763930898693), (238.7611097796965, 865.1049744240828)]
Mask Points:
[[     203.68      827.72]
 [     203.68      891.29]
 [     223.45      891.29]
 [     224.86       892.7]
 [     254.52       892.7]
 [     255.94      891.29]
 [     261.59      891.29]
 [        263      889.88]
 [     265.82      889.88]
 [     268.65      887.05]
 [     270.06      887.05]
 [     272.89      884.22]
 [     272.89      871.51]
 [      274.3       870.1]
 [      274.3      827.72]]
