Image_Name: 9a47c5c709066138185204a89ee50f0b
Class: Eye
Inner Main Points: [(110.34320396447242, 228.51368525974138), (112.73725700628744, 231.80757512864687), (110.65007473227993, 234.07081583204564), (111.73653110277843, 231.39755235463767), (107.52334620898456, 221.05666208466346)]
Mask Points:
[[     97.366      189.53]
 [     97.366      240.35]
 [     101.49      240.35]
 [     106.98      245.85]
 [      111.1      245.85]
 [     112.47      247.22]
 [     113.85      245.85]
 [     115.22      245.85]
 [     116.59      244.47]
 [     116.59       243.1]
 [     119.34      240.35]
 [     123.46      240.35]
 [     123.46      219.75]
 [     119.34      219.75]
 [     117.97      218.38]
 [     117.97      215.63]
 [     116.59      214.26]
 [     116.59      207.39]
 [     115.22      206.02]
 [     115.22       201.9]
 [     113.85      200.52]
 [     113.85      197.77]
 [     112.47       196.4]
 [     112.47      189.53]]
