Image_Name: 9a47c5c709066138185204a89ee50f0b
Class: Leg
Inner Main Points: [(183.65349298276868, 764.1247167372999), (179.73012676823305, 748.5586140889421), (205.65758630324694, 692.2526768590952), (212.52370862162098, 731.7426146227963), (202.2499058095675, 701.98376063215)]
Mask Points:
[[      152.3      672.98]
 [      152.3      700.45]
 [     156.42      700.45]
 [     159.17       703.2]
 [     159.17      705.95]
 [     160.54      707.32]
 [     160.54      710.07]
 [     161.92      711.44]
 [     161.92      715.56]
 [     163.29      716.93]
 [     163.29      722.43]
 [     164.66       723.8]
 [     164.66      727.92]
 [     166.04       729.3]
 [     166.04      734.79]
 [     167.41      736.16]
 [     167.41      756.76]
 [     168.78      758.14]
 [     168.78      771.87]
 [     170.16      773.25]
 [     170.16      774.62]
 [     171.53      775.99]
 [      172.9      775.99]
 [     174.28      777.37]
 [     193.51      777.37]
 [     194.88      778.74]
 [     197.63      778.74]
 [        199      777.37]
 [     211.36      777.37]
 [     212.73      775.99]
 [     218.23      775.99]
 [      219.6      774.62]
 [     222.35      774.62]
 [     223.72      773.25]
 [      225.1      773.25]
 [     227.84       770.5]
 [     227.84         765]
 [     229.22      763.63]
 [     233.34      763.63]
 [     233.34      745.78]
 [     229.22      745.78]
 [     227.84       744.4]
 [     227.84      737.54]
 [     226.47      736.16]
 [     226.47      722.43]
 [      225.1      721.05]
 [      225.1      683.97]
 [     223.72       682.6]
 [     223.72      672.98]]
