Image_Name: 4b2392215cb56b57a77835c59317b21f
Class: Ear
Inner Main Points: [(303.3262721148206, 322.0230938651851), (324.9977756669322, 293.18863921126564), (316.5271455858576, 293.37704645313704), (310.62714924962125, 306.50683205772583), (312.82162372235155, 317.7216526259315)]
Mask Points:
[[     306.28      274.02]
 [     306.28      279.78]
 [     304.84      281.23]
 [     304.84      282.67]
 [      303.4      284.11]
 [      303.4      285.55]
 [     301.95         287]
 [     301.95      288.44]
 [     300.51      289.88]
 [     300.51      295.65]
 [     299.07      297.09]
 [     299.07      299.97]
 [     297.63      301.42]
 [     297.63       304.3]
 [     296.18      305.74]
 [     296.18      308.63]
 [     294.74      310.07]
 [     294.74      311.51]
 [      293.3      312.95]
 [      293.3      315.84]
 [     291.86      317.28]
 [     291.86      318.72]
 [     290.42      320.17]
 [     290.42      321.61]
 [     288.97      323.05]
 [     284.65      323.05]
 [     284.65      353.34]
 [     296.18      353.34]
 [     296.18      347.57]
 [     297.63      346.12]
 [     299.07      346.12]
 [     300.51      344.68]
 [     301.95      344.68]
 [      303.4      343.24]
 [     304.84      343.24]
 [     306.28       341.8]
 [     307.72       341.8]
 [     317.82       331.7]
 [     317.82      330.26]
 [      320.7      327.38]
 [      320.7      325.93]
 [     322.14      324.49]
 [     322.14      323.05]
 [     323.59      321.61]
 [     323.59      320.17]
 [     325.03      318.72]
 [     325.03      315.84]
 [     326.47       314.4]
 [     326.47      311.51]
 [     327.91      310.07]
 [     327.91      305.74]
 [      330.8      302.86]
 [     335.12      302.86]
 [     335.12      274.02]]
