Image_Name: 4b2392215cb56b57a77835c59317b21f
Class: Eye
Inner Main Points: [(237.03627303032903, 275.951510286446), (232.12182030412077, 304.43179167223155), (247.89615527408637, 303.33345625796164), (237.3713876216998, 278.5457819568274), (240.3717126512166, 274.3614672916437)]
Mask Points:
[[     221.19      262.48]
 [     221.19      312.95]
 [     225.52      312.95]
 [     226.96       314.4]
 [      228.4       314.4]
 [     229.84      315.84]
 [     231.29      315.84]
 [     232.73      317.28]
 [     250.03      317.28]
 [     251.48      315.84]
 [     252.92      315.84]
 [     254.36       314.4]
 [      255.8       314.4]
 [     257.25      312.95]
 [     258.69      312.95]
 [     261.57      310.07]
 [     261.57      308.63]
 [     264.46      305.74]
 [     264.46      302.86]
 [      265.9      301.42]
 [      265.9      299.97]
 [     267.34      298.53]
 [     271.67      298.53]
 [     271.67      285.55]
 [     267.34      285.55]
 [      265.9      284.11]
 [      265.9      281.23]
 [     264.46      279.78]
 [     264.46       276.9]
 [     263.01      275.46]
 [     263.01      274.02]
 [     257.25      268.25]
 [     257.25      262.48]]
