Image_Name: 4b2392215cb56b57a77835c59317b21f
Class: Eye
Inner Main Points: [(126.76605111357706, 302.01928111030213), (119.02281236601308, 284.8557891115039), (125.39964283623013, 293.0414400626433), (116.77579864192012, 285.6606052095227), (115.13943264445064, 315.72245859754656)]
Mask Points:
[[     94.278      274.02]
 [     94.278      323.05]
 [     100.05      323.05]
 [     102.93      325.93]
 [     102.93      330.26]
 [     126.01      330.26]
 [     126.01      325.93]
 [     128.89      323.05]
 [     130.33      323.05]
 [     134.66      318.72]
 [     134.66      317.28]
 [      136.1      315.84]
 [      136.1      312.95]
 [     137.54      311.51]
 [     137.54      295.65]
 [      136.1      294.21]
 [      136.1      289.88]
 [     134.66      288.44]
 [     134.66      285.55]
 [     133.22      284.11]
 [     133.22      282.67]
 [     130.33      279.78]
 [     130.33      274.02]]
