Image_Name: 4b2392215cb56b57a77835c59317b21f
Class: Foot
Inner Main Points: [(127.18180922255323, 893.1067577609335), (145.37882555035307, 884.2724659807609), (144.91159786315185, 900.5205037871395), (157.18173188330945, 886.5229945721351), (147.84489584232503, 896.1682512878685)]
Mask Points:
[[     137.54      850.89]
 [     137.54      865.31]
 [      136.1      866.75]
 [      136.1       868.2]
 [     133.22      871.08]
 [     133.22      872.52]
 [     130.33      875.41]
 [     128.89      875.41]
 [     120.24      884.06]
 [      118.8      884.06]
 [     115.91      886.95]
 [     111.58      886.95]
 [     111.58      910.02]
 [     120.24      910.02]
 [     121.68      911.46]
 [      146.2      911.46]
 [     147.64       912.9]
 [     157.73       912.9]
 [     159.18      911.46]
 [     164.95      911.46]
 [     166.39      910.02]
 [     169.27      910.02]
 [     170.71      908.58]
 [      173.6      908.58]
 [     180.81      901.37]
 [     185.14      901.37]
 [     185.14      889.83]
 [     180.81      889.83]
 [     179.37      888.39]
 [     179.37      884.06]
 [     177.92      882.62]
 [     177.92      875.41]
 [     176.48      873.97]
 [     176.48       858.1]
 [     175.04      856.66]
 [     175.04      850.89]]
