Image_Name: 4b2392215cb56b57a77835c59317b21f
Class: Foot
Inner Main Points: [(258.1572409830117, 871.9760041914076), (268.4638834312337, 878.1876539598821), (257.12899509012664, 880.6166400646482), (266.1769957842614, 871.0383307742649), (258.7899379862084, 885.6960308220557)]
Mask Points:
[[     245.71      850.89]
 [     245.71      865.31]
 [     247.15      866.75]
 [     247.15      876.85]
 [     245.71      878.29]
 [     245.71      881.18]
 [     242.82      884.06]
 [      238.5      884.06]
 [      238.5      918.67]
 [      255.8      918.67]
 [      255.8      914.35]
 [     257.25       912.9]
 [     267.34       912.9]
 [     268.78      911.46]
 [     277.44      911.46]
 [     280.32      908.58]
 [     281.76      908.58]
 [      283.2      907.14]
 [      283.2      904.25]
 [     284.65      902.81]
 [     284.65      899.92]
 [     286.09      898.48]
 [     286.09       895.6]
 [     287.53      894.16]
 [     287.53      875.41]
 [     286.09      873.97]
 [     286.09      869.64]
 [     284.65       868.2]
 [     284.65      850.89]
 [     261.57      850.89]
 [     261.57      855.22]
 [     260.13      856.66]
 [     258.69      856.66]
 [     257.25      855.22]
 [     257.25      850.89]]
