Image_Name: 4b2392215cb56b57a77835c59317b21f
Class: Neck
Inner Main Points: [(170.7978919307913, 403.1660491342768), (172.64281545627247, 405.92697697454327), (172.31475367135616, 401.0276290751724), (171.42864323538222, 400.4340461373461), (175.5790959188673, 399.74158817244245)]
Mask Points:
[[     157.73      389.39]
 [     157.73      413.91]
 [      163.5      413.91]
 [     164.95      415.35]
 [     166.39      415.35]
 [     169.27      418.23]
 [     169.27      422.56]
 [     180.81      422.56]
 [     180.81      418.23]
 [     182.25      416.79]
 [     182.25      413.91]
 [     183.69      412.47]
 [     183.69      409.58]
 [     185.14      408.14]
 [     185.14       406.7]
 [     186.58      405.25]
 [     189.46      405.25]
 [      190.9      403.81]
 [     196.67      403.81]
 [     198.12      402.37]
 [     205.33      402.37]
 [     206.77      400.93]
 [      211.1      400.93]
 [     212.54      399.49]
 [     219.75      399.49]
 [     219.75      389.39]]
