Image_Name: 4b2392215cb56b57a77835c59317b21f
Class: Shoe
Inner Main Points: [(156.00460047749928, 862.9538070087773), (150.42306838221236, 901.7303914478265), (137.5858561090223, 893.2121867059298), (130.2069926361104, 890.0486528151961), (145.07737514435038, 875.6967998083397)]
Mask Points:
[[     137.54      850.89]
 [     137.54      859.54]
 [     138.99      860.99]
 [     138.99      862.43]
 [     137.54      863.87]
 [     137.54      865.31]
 [      136.1      866.75]
 [      136.1       868.2]
 [     133.22      871.08]
 [     133.22      872.52]
 [     130.33      875.41]
 [     128.89      875.41]
 [     121.68      882.62]
 [     120.24      882.62]
 [     115.91      886.95]
 [     111.58      886.95]
 [     111.58      910.02]
 [     120.24      910.02]
 [     121.68      911.46]
 [     147.64      911.46]
 [     149.08       912.9]
 [     157.73       912.9]
 [     159.18      911.46]
 [     164.95      911.46]
 [     166.39      910.02]
 [     169.27      910.02]
 [     170.71      908.58]
 [      173.6      908.58]
 [     180.81      901.37]
 [     185.14      901.37]
 [     185.14      889.83]
 [     180.81      889.83]
 [     179.37      888.39]
 [     179.37      884.06]
 [     177.92      882.62]
 [     177.92      876.85]
 [     176.48      875.41]
 [     176.48      859.54]
 [     175.04       858.1]
 [     175.04      850.89]]
