Image_Name: 4b2392215cb56b57a77835c59317b21f
Class: Upper_clothes
Inner Main Points: [(152.89139808839985, 528.7470706265245), (252.7162942722209, 489.35879532383746), (92.37677231338861, 525.9922759607908), (280.35480672981276, 489.9384326074244), (148.54458102913452, 652.0083339320361)]
Mask Points:
[[      211.1      395.16]
 [      211.1      399.49]
 [     209.65      400.93]
 [     208.21      400.93]
 [     206.77      402.37]
 [     199.56      402.37]
 [     198.12      403.81]
 [      190.9      403.81]
 [     189.46      405.25]
 [     185.14      405.25]
 [     183.69       406.7]
 [     182.25       406.7]
 [     182.25      408.14]
 [     179.37      411.02]
 [     176.48      411.02]
 [     175.04      412.47]
 [     172.16      412.47]
 [     170.71      413.91]
 [     169.27      413.91]
 [     167.83      412.47]
 [      163.5      412.47]
 [     157.73       406.7]
 [     157.73      405.25]
 [     156.29      403.81]
 [     151.97      408.14]
 [     150.52      408.14]
 [     149.08      409.58]
 [     147.64      409.58]
 [     144.75      412.47]
 [     143.31      412.47]
 [     141.87      413.91]
 [     138.99      413.91]
 [     137.54      415.35]
 [      136.1      415.35]
 [     134.66      416.79]
 [     133.22      416.79]
 [     104.37      445.64]
 [     104.37      447.08]
 [     100.05       451.4]
 [     100.05      452.85]
 [     98.605      454.29]
 [     98.605      455.73]
 [      95.72      458.62]
 [      95.72      460.06]
 [     94.278       461.5]
 [     94.278      462.94]
 [     92.836      464.38]
 [     92.836      465.83]
 [     91.394      467.27]
 [     91.394      468.71]
 [     88.509       471.6]
 [     88.509      473.04]
 [     87.067      474.48]
 [     87.067      475.92]
 [     85.625      477.36]
 [     85.625      478.81]
 [     84.183      480.25]
 [     84.183      481.69]
 [     82.741      483.13]
 [     82.741      484.57]
 [     81.298      486.02]
 [     81.298      487.46]
 [     79.856       488.9]
 [     79.856      490.34]
 [     76.972      493.23]
 [     76.972      494.67]
 [      75.53      496.11]
 [      75.53      497.55]
 [     74.087         499]
 [     74.087      500.44]
 [     72.645      501.88]
 [     72.645      503.32]
 [     71.203      504.77]
 [     71.203      507.65]
 [     69.761      509.09]
 [     69.761      510.53]
 [     66.877      513.42]
 [     66.877      514.86]
 [     63.992      517.75]
 [     63.992      519.19]
 [     59.666      523.51]
 [     59.666      524.96]
 [     58.223       526.4]
 [     58.223      527.84]
 [     53.897      532.17]
 [     53.897      533.61]
 [     52.455      535.05]
 [     52.455      536.49]
 [     51.012      537.94]
 [     51.012      539.38]
 [     48.128      542.26]
 [     48.128       543.7]
 [     46.686      545.15]
 [     46.686      546.59]
 [     45.244      548.03]
 [     45.244      549.47]
 [     43.802      550.92]
 [     43.802      552.36]
 [     42.359       553.8]
 [     42.359      555.24]
 [     40.917      556.68]
 [     40.917      559.57]
 [     39.475      561.01]
 [     39.475      562.45]
 [     38.033       563.9]
 [     38.033      565.34]
 [     36.591      566.78]
 [     36.591      568.22]
 [     35.148      569.66]
 [     35.148      573.99]
 [     33.706      575.43]
 [     33.706      576.88]
 [     32.264      578.32]
 [     32.264      579.76]
 [     30.822       581.2]
 [     30.822      584.09]
 [      29.38      585.53]
 [      29.38      588.41]
 [     27.938      589.85]
 [     27.938      592.74]
 [     26.495      594.18]
 [     26.495      595.62]
 [     25.053      597.07]
 [     25.053      598.51]
 [     23.611      599.95]
 [     19.284      599.95]
 [     19.284      653.31]
 [     23.611      653.31]
 [     25.053      651.87]
 [     26.495      651.87]
 [     27.938      650.43]
 [      29.38      650.43]
 [     30.822      648.98]
 [     32.264      648.98]
 [     33.706      647.54]
 [     35.148      647.54]
 [     36.591       646.1]
 [     38.033       646.1]
 [     39.475      644.66]
 [     40.917      644.66]
 [     42.359      643.22]
 [     43.802      643.22]
 [     45.244      644.66]
 [     51.012      644.66]
 [     52.455       646.1]
 [     58.223       646.1]
 [     59.666      647.54]
 [     63.992      647.54]
 [     65.434      648.98]
 [     66.877      648.98]
 [     68.319      650.43]
 [     69.761      650.43]
 [     71.203      651.87]
 [     72.645      651.87]
 [     74.087      653.31]
 [     79.856      653.31]
 [     81.298      651.87]
 [     82.741      651.87]
 [     87.067      647.54]
 [     89.952      650.43]
 [     89.952      651.87]
 [     91.394      653.31]
 [     91.394      654.75]
 [     92.836       656.2]
 [     92.836      659.08]
 [     94.278      660.52]
 [     94.278      663.41]
 [      95.72      664.85]
 [      95.72      666.29]
 [     97.162      667.73]
 [     97.162      669.17]
 [     100.05      672.06]
 [     100.05       673.5]
 [     101.49      674.94]
 [     101.49      676.39]
 [     102.93      677.83]
 [     102.93      679.27]
 [     110.14      686.48]
 [     111.58      686.48]
 [     114.47      689.37]
 [     115.91      689.37]
 [     117.35      690.81]
 [      118.8      690.81]
 [     121.68      693.69]
 [     123.12      693.69]
 [     124.56      695.13]
 [     126.01      695.13]
 [     127.45      696.58]
 [     130.33      696.58]
 [     131.77      698.02]
 [     134.66      698.02]
 [      136.1      699.46]
 [     137.54      699.46]
 [     138.99       700.9]
 [     138.99      705.23]
 [     186.58      705.23]
 [     186.58       700.9]
 [     188.02      699.46]
 [     189.46      699.46]
 [      190.9      698.02]
 [     195.23      698.02]
 [     196.67      696.58]
 [     198.12      696.58]
 [     199.56      695.13]
 [        201      695.13]
 [     202.44      693.69]
 [     203.88      693.69]
 [     205.33      692.25]
 [     206.77      692.25]
 [     208.21      690.81]
 [     209.65      690.81]
 [     212.54      687.92]
 [     213.98      687.92]
 [     216.86      685.04]
 [     218.31      685.04]
 [     226.96      676.39]
 [      228.4      676.39]
 [     232.73      672.06]
 [     237.05      672.06]
 [     239.94      674.94]
 [     239.94      676.39]
 [     241.38      677.83]
 [     241.38      679.27]
 [     250.03      687.92]
 [     250.03      698.02]
 [     248.59      699.46]
 [     248.59      705.23]
 [     275.99      705.23]
 [     275.99      687.92]
 [     274.55      686.48]
 [     274.55      677.83]
 [     273.11      676.39]
 [     273.11      638.89]
 [     275.99         636]
 [     277.44         636]
 [     281.76      640.33]
 [      283.2      640.33]
 [     286.09      643.22]
 [     290.42      643.22]
 [     291.86      644.66]
 [     297.63      644.66]
 [     299.07      643.22]
 [     301.95      643.22]
 [      303.4      641.77]
 [     307.72      641.77]
 [     309.16      640.33]
 [     314.93      640.33]
 [     316.37      638.89]
 [      320.7      638.89]
 [     322.14      637.45]
 [     325.03      637.45]
 [     326.47         636]
 [     327.91         636]
 [     329.35      634.56]
 [      330.8      634.56]
 [     332.24      633.12]
 [     333.68      633.12]
 [     335.12      631.68]
 [     338.01      631.68]
 [     339.45      630.24]
 [     340.89      630.24]
 [     353.87      617.26]
 [     353.87      615.81]
 [     355.31      614.37]
 [     355.31      610.05]
 [     353.87       608.6]
 [     353.87      604.28]
 [     352.43      602.83]
 [     352.43      599.95]
 [     350.99      598.51]
 [     350.99      595.62]
 [     349.55      594.18]
 [     349.55      592.74]
 [      348.1       591.3]
 [      348.1      588.41]
 [     346.66      586.97]
 [     346.66      585.53]
 [     345.22      584.09]
 [     345.22       581.2]
 [     343.78      579.76]
 [     343.78      578.32]
 [     342.33      576.88]
 [     342.33      573.99]
 [     340.89      572.55]
 [     340.89      569.66]
 [     339.45      568.22]
 [     339.45      566.78]
 [     338.01      565.34]
 [     338.01       563.9]
 [     336.57      562.45]
 [     336.57      561.01]
 [     335.12      559.57]
 [     335.12      556.68]
 [     333.68      555.24]
 [     333.68       553.8]
 [      330.8      550.92]
 [      330.8      548.03]
 [     329.35      546.59]
 [     329.35      545.15]
 [     326.47      542.26]
 [     326.47      540.82]
 [     325.03      539.38]
 [     325.03      537.94]
 [     323.59      536.49]
 [     323.59      535.05]
 [     322.14      533.61]
 [     322.14      532.17]
 [     319.26      529.28]
 [     319.26      527.84]
 [     317.82       526.4]
 [     317.82      524.96]
 [     316.37      523.51]
 [     316.37      522.07]
 [     314.93      520.63]
 [     314.93      519.19]
 [     313.49      517.75]
 [     313.49       516.3]
 [     310.61      513.42]
 [     310.61      511.98]
 [     309.16      510.53]
 [     309.16      509.09]
 [     306.28      506.21]
 [     306.28      504.77]
 [     304.84      503.32]
 [     304.84      501.88]
 [     301.95         499]
 [     301.95      497.55]
 [     300.51      496.11]
 [     300.51      494.67]
 [     297.63      491.79]
 [     297.63      490.34]
 [     296.18       488.9]
 [     296.18      487.46]
 [     294.74      486.02]
 [     294.74      484.57]
 [      293.3      483.13]
 [      293.3      481.69]
 [     291.86      480.25]
 [     291.86      478.81]
 [     290.42      477.36]
 [     290.42      475.92]
 [     287.53      473.04]
 [     287.53       471.6]
 [     286.09      470.15]
 [     286.09      468.71]
 [     284.65      467.27]
 [     284.65      465.83]
 [      283.2      464.38]
 [      283.2      462.94]
 [     281.76       461.5]
 [     281.76      460.06]
 [     280.32      458.62]
 [     280.32      457.17]
 [     278.88      455.73]
 [     278.88      454.29]
 [     274.55      449.96]
 [     274.55      448.52]
 [     271.67      445.64]
 [     271.67      444.19]
 [      255.8      428.33]
 [      255.8      426.89]
 [     252.92         424]
 [     251.48         424]
 [     247.15      419.68]
 [     247.15      418.23]
 [     242.82      413.91]
 [     242.82      412.47]
 [     237.05       406.7]
 [     235.61       406.7]
 [     229.84      400.93]
 [     229.84      395.16]]
