Image_Name: 5a9b6d3365e72e9f712615666881c962
Class: Pants
Inner Main Points: [(179.26920941052776, 653.9565538470727), (232.17663994690236, 615.4919931243338), (191.64645200829432, 609.4212036865482), (202.70818779204328, 681.8792714939555), (191.09472021659315, 592.9118246161605)]
Mask Points:
[[     121.39      581.69]
 [     121.39      699.44]
 [     244.82      699.44]
 [     244.82      695.19]
 [     246.24      693.77]
 [     261.84      693.77]
 [     263.26      692.35]
 [     285.96      692.35]
 [     293.06      685.26]
 [     293.06      683.84]
 [     294.48      682.42]
 [     294.48      675.33]
 [     293.06      673.91]
 [     293.06      648.37]
 [     294.48      646.95]
 [     294.48      627.09]
 [     293.06      625.67]
 [     293.06      607.23]
 [     294.48      605.81]
 [     294.48      597.29]
 [     297.31      594.46]
 [     301.57      594.46]
 [     301.57      581.69]]
