Image_Name: 649f7a45df60fbc0820d2976a1eaa3c4
Class: Eye
Inner Main Points: [(109.93856078787364, 231.36467420486366), (108.73756784370008, 229.35569277443636), (112.76520270330417, 228.58949300247014), (112.97915133055668, 229.60095544553002), (107.71255503077697, 219.1929350312187)]
Mask Points:
[[     97.366      189.53]
 [     97.366      240.35]
 [     101.49      240.35]
 [     106.98      245.85]
 [      111.1      245.85]
 [     112.47      247.22]
 [     113.85      245.85]
 [     115.22      245.85]
 [     116.59      244.47]
 [     116.59       243.1]
 [     119.34      240.35]
 [     123.46      240.35]
 [     123.46      219.75]
 [     119.34      219.75]
 [     117.97      218.38]
 [     117.97      215.63]
 [     116.59      214.26]
 [     116.59      207.39]
 [     115.22      206.02]
 [     115.22       201.9]
 [     113.85      200.52]
 [     113.85      197.77]
 [     112.47       196.4]
 [     112.47      189.53]]
