Image_Name: 649f7a45df60fbc0820d2976a1eaa3c4
Class: Hand
Inner Main Points: [(171.2650439419427, 602.2641450606623), (156.13054595085399, 612.288925936418), (151.638971079291, 603.4267674386746), (152.35974135978836, 604.9997366458042), (173.2893787235471, 606.9383653846512)]
Mask Points:
[[     148.18      579.59]
 [     148.18       589.2]
 [     146.81      590.58]
 [     146.81      591.95]
 [     145.44      593.33]
 [     141.32      593.33]
 [     141.32      627.66]
 [     146.81      627.66]
 [     156.42      637.27]
 [     159.17      637.27]
 [     160.54      638.65]
 [     163.29      638.65]
 [     167.41      634.53]
 [     170.16      634.53]
 [     171.53       635.9]
 [      172.9       635.9]
 [      178.4       641.4]
 [     181.15       641.4]
 [     182.52      642.77]
 [     185.27      642.77]
 [     186.64       641.4]
 [     190.76       641.4]
 [     193.51      638.65]
 [     193.51      637.27]
 [     194.88       635.9]
 [     194.88      634.53]
 [     196.25      633.15]
 [     196.25      631.78]
 [     201.75      626.29]
 [     205.87      626.29]
 [     205.87      620.79]
 [     200.37      620.79]
 [        199      619.42]
 [     197.63      619.42]
 [     194.88      616.67]
 [     193.51      616.67]
 [     189.39      612.55]
 [     189.39      609.81]
 [     188.01      608.43]
 [     188.01      602.94]
 [     189.39      601.57]
 [     189.39      597.45]
 [     190.76      596.07]
 [     190.76      579.59]]
