Image_Name: 649f7a45df60fbc0820d2976a1eaa3c4
Class: Leg
Inner Main Points: [(177.9866632464967, 700.775967000292), (182.54505780077608, 724.0447192552356), (179.26333629531308, 700.8901298832667), (198.1687149223468, 746.2376858503665), (179.4334162327891, 687.7684512044948)]
Mask Points:
[[      152.3      672.98]
 [      152.3      700.45]
 [     156.42      700.45]
 [     159.17       703.2]
 [     159.17      705.95]
 [     160.54      707.32]
 [     160.54      710.07]
 [     161.92      711.44]
 [     161.92      715.56]
 [     163.29      716.93]
 [     163.29      722.43]
 [     164.66       723.8]
 [     164.66      727.92]
 [     166.04       729.3]
 [     166.04      734.79]
 [     167.41      736.16]
 [     167.41      756.76]
 [     168.78      758.14]
 [     168.78      771.87]
 [     170.16      773.25]
 [     170.16      774.62]
 [     171.53      775.99]
 [      172.9      775.99]
 [     174.28      777.37]
 [     193.51      777.37]
 [     194.88      778.74]
 [     197.63      778.74]
 [        199      777.37]
 [     211.36      777.37]
 [     212.73      775.99]
 [     218.23      775.99]
 [      219.6      774.62]
 [     222.35      774.62]
 [     223.72      773.25]
 [      225.1      773.25]
 [     227.84       770.5]
 [     227.84         765]
 [     229.22      763.63]
 [     233.34      763.63]
 [     233.34      745.78]
 [     229.22      745.78]
 [     227.84       744.4]
 [     227.84      737.54]
 [     226.47      736.16]
 [     226.47      722.43]
 [      225.1      721.05]
 [      225.1      683.97]
 [     223.72       682.6]
 [     223.72      672.98]]
