Image_Name: a92c059c68869897ccf84af6134edad5
Class: Ear
Inner Main Points: [(323, 274)]
Mask Points:
[[     335.04      240.12]
 [     335.04       248.6]
 [     333.62      250.01]
 [     333.62      255.66]
 [     332.21      257.08]
 [     332.21      258.49]
 [      330.8       259.9]
 [      330.8      262.73]
 [     329.39      264.14]
 [     329.39      265.55]
 [     326.56      268.38]
 [     326.56      269.79]
 [     325.15       271.2]
 [     325.15      272.61]
 [     323.74      274.02]
 [     323.74      275.44]
 [     322.32      276.85]
 [     322.32      278.26]
 [      319.5      281.09]
 [      319.5       282.5]
 [     316.67      285.33]
 [     316.67      286.74]
 [     312.44      290.98]
 [     312.44      292.39]
 [     311.02       293.8]
 [     311.02      295.21]
 [      308.2      298.04]
 [     306.79      298.04]
 [     305.38      299.45]
 [     299.73      299.45]
 [     299.73      309.34]
 [     305.38      309.34]
 [     306.79      307.92]
 [     309.61      307.92]
 [     311.02      306.51]
 [     312.44      306.51]
 [     313.85       305.1]
 [     316.67       305.1]
 [     318.09      303.69]
 [      319.5      303.69]
 [     320.91      302.27]
 [     322.32      302.27]
 [     326.56      298.04]
 [     327.98      298.04]
 [     339.27      286.74]
 [     339.27      285.33]
 [      342.1       282.5]
 [      342.1      281.09]
 [     344.92      278.26]
 [     344.92      276.85]
 [     346.34      275.44]
 [     346.34      272.61]
 [     347.75       271.2]
 [     347.75      268.38]
 [     349.16      266.96]
 [     349.16      264.14]
 [     350.57      262.73]
 [     354.81      262.73]
 [     354.81      252.84]
 [     350.57      252.84]
 [     349.16      251.43]
 [     349.16      250.01]
 [     347.75       248.6]
 [     347.75      245.77]
 [     346.34      244.36]
 [     346.34      240.12]]
