Image_Name: 0e0f2fbf8af19c16a0e3717932f775f8
Class: Eye
Inner Main Points: [(148.80216988469914, 239.657500810686), (148.6338223069845, 240.62532343845868), (148.5501477561107, 245.3388475484976), (148.76384986233617, 241.8343960069771), (148.87777139949262, 246.54733456216496)]
Mask Points:
[[     132.74      212.81]
 [     132.74      266.73]
 [     138.41      266.73]
 [     139.83      268.14]
 [     139.83      273.82]
 [     155.44      273.82]
 [     155.44      268.14]
 [     161.11      262.47]
 [     161.11      261.05]
 [     162.53      259.63]
 [     162.53      255.38]
 [     163.95      253.96]
 [     163.95      234.09]
 [     162.53      232.68]
 [     162.53         227]
 [     163.95      225.58]
 [     163.95      224.16]
 [     162.53      222.74]
 [     162.53      221.33]
 [     161.11      219.91]
 [     161.11      218.49]
 [     159.69      217.07]
 [     159.69      212.81]]
