Image_Name: 0e0f2fbf8af19c16a0e3717932f775f8
Class: Eye
Inner Main Points: [(257.08868777623945, 224.92575985031084), (257.28435842283466, 231.76679528929762), (256.0732587938707, 239.241064064334), (251.24554398673368, 231.5903155149167), (250.94151155103526, 241.03208926986213)]
Mask Points:
[[     237.73      207.14]
 [     237.73      212.81]
 [     236.31      214.23]
 [     236.31      215.65]
 [     233.47      218.49]
 [     229.21      218.49]
 [     229.21      252.54]
 [     233.47      252.54]
 [     239.14      258.21]
 [     240.56      258.21]
 [     241.98      259.63]
 [      243.4      259.63]
 [     244.82      261.05]
 [     256.17      261.05]
 [     257.59      259.63]
 [     260.43      259.63]
 [     261.84      258.21]
 [     263.26      258.21]
 [     264.68      256.79]
 [      266.1      256.79]
 [      266.1      255.38]
 [     268.94      252.54]
 [     268.94      251.12]
 [     270.36       249.7]
 [     270.36      246.86]
 [     271.78      245.44]
 [     271.78      241.19]
 [     274.61      238.35]
 [     278.87      238.35]
 [     278.87      219.91]
 [     274.61      219.91]
 [     271.78      217.07]
 [     271.78      215.65]
 [     268.94      212.81]
 [     268.94      207.14]]
