Image_Name: 0e0f2fbf8af19c16a0e3717932f775f8
Class: Leg
Inner Main Points: [(159.22661633875117, 741.7161344144188), (164.7730856058486, 765.9530450083314), (165.66373115448732, 721.7912112577114), (168.12029654926732, 753.6601588915642), (166.25357933492847, 734.1680559368409)]
Mask Points:
[[     138.41      695.19]
 [     138.41      790.24]
 [     142.67      790.24]
 [     144.09      791.66]
 [     148.34      791.66]
 [     149.76      793.08]
 [     158.28      793.08]
 [     159.69       794.5]
 [     172.46       794.5]
 [     173.88      793.08]
 [     182.39      793.08]
 [     183.81      791.66]
 [     186.65      791.66]
 [     188.07      790.24]
 [     188.07      787.41]
 [     189.49      785.99]
 [     189.49      778.89]
 [     190.91      777.48]
 [     190.91      768.96]
 [     192.33      767.54]
 [     192.33       749.1]
 [     193.74      747.68]
 [     193.74      732.08]
 [     195.16      730.66]
 [     199.42      730.66]
 [     199.42      695.19]]
