Image_Name: 0e0f2fbf8af19c16a0e3717932f775f8
Class: Leg
Inner Main Points: [(242.48963486072037, 759.0458158866152), (246.7338723380025, 742.1886602977102), (256.83821252963116, 730.0929081117902), (257.1214128138525, 721.7290907600977), (254.89615437731345, 763.2582325706067)]
Mask Points:
[[     217.86      695.19]
 [     217.86      777.48]
 [     222.12      777.48]
 [     223.54      778.89]
 [     223.54      784.57]
 [     224.96      785.99]
 [     224.96      790.24]
 [     227.79      793.08]
 [     237.73      793.08]
 [     239.14       794.5]
 [     257.59       794.5]
 [     259.01      793.08]
 [     263.26      793.08]
 [     264.68      791.66]
 [     267.52      791.66]
 [     271.78      787.41]
 [     271.78      783.15]
 [     273.19      781.73]
 [     273.19      746.26]
 [     274.61      744.84]
 [     278.87      744.84]
 [     278.87      695.19]]
