Image_Name: 0e0f2fbf8af19c16a0e3717932f775f8
Class: Stock
Inner Main Points: [(168.1635865275433, 808.8811834951487), (169.09124716349774, 813.5990957273751), (169.0619982513513, 810.277309834474), (165.73869380309912, 810.4751947995987), (168.1978825023672, 811.1754268887607)]
Mask Points:
[[     138.41      791.66]
 [     138.41      814.36]
 [     145.51      814.36]
 [     146.93      815.78]
 [     148.34      815.78]
 [     149.76       817.2]
 [     151.18       817.2]
 [     158.28      824.29]
 [     158.28      825.71]
 [     159.69      827.13]
 [     159.69      829.97]
 [     161.11      831.39]
 [     161.11      841.32]
 [     176.72      841.32]
 [     176.72      837.06]
 [     179.56      834.23]
 [     179.56      832.81]
 [     182.39      829.97]
 [     182.39      828.55]
 [     183.81      827.13]
 [     183.81      824.29]
 [     185.23      822.88]
 [     185.23      821.46]
 [     186.65      820.04]
 [     186.65      791.66]]
