Image_Name: 0e0f2fbf8af19c16a0e3717932f775f8
Class: Stock
Inner Main Points: [(244.716328585216, 806.8840952082866), (247.29100123052802, 807.7295033692336), (245.29776527913108, 808.5736061982799), (248.770765765025, 806.7475945626732), (245.72542041594727, 807.7278006157044)]
Mask Points:
[[     229.21      791.66]
 [     229.21      832.81]
 [     234.89      832.81]
 [     236.31      834.23]
 [     236.31      835.64]
 [     237.73      837.06]
 [     237.73      841.32]
 [     241.98      841.32]
 [     241.98      831.39]
 [     250.49      822.88]
 [     251.91      822.88]
 [     253.33      821.46]
 [     254.75      821.46]
 [     256.17      820.04]
 [     260.43      820.04]
 [     261.84      818.62]
 [     278.87      818.62]
 [     278.87      805.85]
 [     274.61      805.85]
 [     273.19      804.43]
 [     273.19      797.34]
 [     271.78      795.92]
 [     271.78      791.66]]
