Image_Name: Family_YO
Class: Ear
Inner Main Points: [(406.86410784223824, 354.6544563688984), (422.9185869604851, 354.63021365953864), (391.9185912269046, 320.68947686513), (395.65804990702037, 359.01331082460354), (413.01692374162025, 341.5396550815751)]
Mask Points:
[[     376.05      290.89]
 [     376.05      296.23]
 [     370.71      301.57]
 [     366.71      301.57]
 [     366.71      352.27]
 [     370.71      352.27]
 [     377.38      358.95]
 [     377.38      360.28]
 [     390.73      373.62]
 [     392.06      373.62]
 [     393.39      374.96]
 [     394.73      374.96]
 [     396.06      376.29]
 [     396.06       380.3]
 [      405.4       380.3]
 [      405.4      376.29]
 [     406.74      374.96]
 [     409.41      374.96]
 [     410.74      373.62]
 [     414.74      373.62]
 [     416.08      372.29]
 [     420.08      372.29]
 [     421.42      370.96]
 [     424.08      370.96]
 [     429.42      365.62]
 [     429.42      364.28]
 [     433.43      360.28]
 [     434.76      360.28]
 [     436.09      358.95]
 [     437.43      358.95]
 [     441.43      354.94]
 [     445.43      354.94]
 [     445.43       341.6]
 [     441.43       341.6]
 [      440.1      340.27]
 [      440.1      338.93]
 [     438.76       337.6]
 [     437.43       337.6]
 [     425.42      325.59]
 [     425.42      324.25]
 [     421.42      320.25]
 [     421.42      318.92]
 [     418.75      316.25]
 [     418.75      314.91]
 [     414.74      310.91]
 [     414.74      309.58]
 [     413.41      308.24]
 [     413.41      306.91]
 [     409.41       302.9]
 [     409.41      301.57]
 [     406.74       298.9]
 [     406.74      297.57]
 [     404.07       294.9]
 [     404.07      290.89]]
