Image_Name: Family_YO
Class: Leg
Inner Main Points: [(415.1504492898731, 655.8687454606795), (276.2192380164712, 718.6697779888163), (285.9051338210847, 674.625371064473), (271.3064647734499, 656.6945591238176), (268.3410816039931, 747.5047020875942)]
Mask Points:
[[     243.94      632.49]
 [     243.94      717.89]
 [     247.95      717.89]
 [     249.28      719.23]
 [     249.28      723.23]
 [     250.62      724.57]
 [     250.62      731.24]
 [     251.95      732.57]
 [     251.95      737.91]
 [     253.28      739.24]
 [     253.28      745.92]
 [     254.62      747.25]
 [     254.62      753.92]
 [     255.95      755.26]
 [     255.95      760.59]
 [     257.29      761.93]
 [     257.29      767.27]
 [     258.62       768.6]
 [     258.62       772.6]
 [     261.29      775.27]
 [     263.96      775.27]
 [     265.29      776.61]
 [      277.3      776.61]
 [     278.64      777.94]
 [     290.65      777.94]
 [     291.98      779.28]
 [     303.99      779.28]
 [     305.33      777.94]
 [     329.34      777.94]
 [     332.01      775.27]
 [     332.01      773.94]
 [     333.35       772.6]
 [     333.35      771.27]
 [     334.68      769.93]
 [     334.68      765.93]
 [     336.02       764.6]
 [     336.02      759.26]
 [     337.35      757.92]
 [     337.35      749.92]
 [     338.68      748.58]
 [     338.68      743.25]
 [     340.02      741.91]
 [     340.02      739.24]
 [     341.35      737.91]
 [     341.35      736.58]
 [     342.69      735.24]
 [     342.69      732.57]
 [     344.02      731.24]
 [     346.69      733.91]
 [     346.69      737.91]
 [     348.03      739.24]
 [     348.03      744.58]
 [     349.36      745.92]
 [     349.36      749.92]
 [     350.69      751.25]
 [     350.69      753.92]
 [     352.03      755.26]
 [     352.03      757.92]
 [     353.36      759.26]
 [     353.36      760.59]
 [      354.7      761.93]
 [      354.7      763.26]
 [     357.37      763.26]
 [      358.7       764.6]
 [      362.7       764.6]
 [     364.04      763.26]
 [     369.38      763.26]
 [     370.71       764.6]
 [      397.4       764.6]
 [     398.73      763.26]
 [     418.75      763.26]
 [     420.08      761.93]
 [     421.42      761.93]
 [     422.75      760.59]
 [     424.08      760.59]
 [     424.08      759.26]
 [     425.42      757.92]
 [     425.42      756.59]
 [     426.75      755.26]
 [     426.75      751.25]
 [     428.09      749.92]
 [     428.09      741.91]
 [     429.42      740.58]
 [     429.42      736.58]
 [     430.76      735.24]
 [     434.76      735.24]
 [     434.76      639.17]
 [     430.76      639.17]
 [     428.09       636.5]
 [     428.09      632.49]
 [     373.38      632.49]
 [     373.38       636.5]
 [     372.04      637.83]
 [     368.04      637.83]
 [     366.71      639.17]
 [     309.33      639.17]
 [     307.99      637.83]
 [     298.65      637.83]
 [     297.32       636.5]
 [     297.32      632.49]]
