Image_Name: Family_YO
Class: Upper_clothes
Inner Main Points: [(417.6612620258992, 518.1628413515756), (240.23369160099918, 506.44982546003143), (356.8275686854646, 480.2480882931641), (298.35717285607075, 580.4047051987983), (318.2142672840637, 552.527367122811)]
Mask Points:
[[        312      424.33]
 [        312      428.33]
 [     309.33         431]
 [     307.99         431]
 [     306.66      432.34]
 [     305.33      432.34]
 [     302.66      435.01]
 [     301.32      435.01]
 [     295.98      440.34]
 [     294.65      440.34]
 [     291.98      443.01]
 [     290.65      443.01]
 [     286.64      447.02]
 [     285.31      447.02]
 [     283.98      448.35]
 [     282.64      448.35]
 [     281.31      449.68]
 [     279.97      449.68]
 [     278.64      451.02]
 [     271.97      451.02]
 [     270.63      452.35]
 [     257.29      452.35]
 [     255.95      453.69]
 [     250.62      453.69]
 [     247.95      456.36]
 [     247.95      457.69]
 [     246.61      459.03]
 [     246.61      461.69]
 [     245.28      463.03]
 [     245.28      464.36]
 [     242.61      467.03]
 [     242.61      468.37]
 [     239.94      471.03]
 [     239.94      472.37]
 [     237.27      475.04]
 [     237.27      476.37]
 [     235.94      477.71]
 [     235.94      479.04]
 [      234.6      480.38]
 [      234.6      481.71]
 [     233.27      483.04]
 [     233.27      484.38]
 [     231.93      485.71]
 [     231.93      487.05]
 [      230.6      488.38]
 [      230.6      489.72]
 [     227.93      492.38]
 [     227.93      493.72]
 [      226.6      495.05]
 [      226.6      496.39]
 [     223.93      499.06]
 [     223.93      500.39]
 [     222.59      501.73]
 [     217.26      501.73]
 [     217.26      547.09]
 [     222.59      547.09]
 [     225.26      549.76]
 [     225.26       551.1]
 [     231.93      557.77]
 [     233.27      557.77]
 [     235.94      560.44]
 [     235.94      561.77]
 [     237.27      563.11]
 [     237.27      564.44]
 [     238.61      565.78]
 [     238.61      573.78]
 [     237.27      575.12]
 [     237.27      596.47]
 [     235.94       597.8]
 [     235.94      603.14]
 [     237.27      604.47]
 [     237.27      621.82]
 [     238.61      623.15]
 [     238.61      624.49]
 [     239.94      625.82]
 [     241.28      625.82]
 [     242.61      627.16]
 [     243.94      627.16]
 [     245.28      628.49]
 [     247.95      628.49]
 [     249.28      629.83]
 [     254.62      629.83]
 [     255.95      631.16]
 [     263.96      631.16]
 [     265.29      632.49]
 [      269.3      632.49]
 [     270.63      633.83]
 [      277.3      633.83]
 [     278.64      635.16]
 [     290.65      635.16]
 [     291.98       636.5]
 [     299.99       636.5]
 [     301.32      637.83]
 [     301.32      641.83]
 [     430.76      641.83]
 [     430.76      637.83]
 [     433.43      635.16]
 [     436.09      635.16]
 [     437.43      633.83]
 [      440.1      633.83]
 [     441.43      632.49]
 [     442.77      632.49]
 [      444.1      631.16]
 [      444.1      629.83]
 [     445.43      628.49]
 [     445.43      625.82]
 [     446.77      624.49]
 [     446.77      599.13]
 [     445.43       597.8]
 [     445.43      581.79]
 [      444.1      580.45]
 [      444.1      572.45]
 [     446.77      569.78]
 [     446.77      568.44]
 [     449.44      565.78]
 [     450.77      565.78]
 [     456.11      560.44]
 [     457.44      560.44]
 [     465.45      552.43]
 [     465.45       551.1]
 [     468.12      548.43]
 [     468.12      547.09]
 [     469.45      545.76]
 [     469.45      544.42]
 [     470.79      543.09]
 [     470.79      541.76]
 [     472.12      540.42]
 [     472.12      537.75]
 [     473.46      536.42]
 [     477.46      536.42]
 [     477.46      528.41]
 [     473.46      528.41]
 [     472.12      527.08]
 [     472.12      524.41]
 [     470.79      523.08]
 [     470.79      517.74]
 [     469.45       516.4]
 [     469.45       512.4]
 [     468.12      511.07]
 [     468.12       508.4]
 [     466.78      507.06]
 [     466.78      504.39]
 [     465.45      503.06]
 [     465.45      501.73]
 [     464.12      500.39]
 [     464.12      497.72]
 [     462.78      496.39]
 [     462.78      495.05]
 [     461.45      493.72]
 [     461.45      492.38]
 [     460.11      491.05]
 [     460.11      489.72]
 [     458.78      488.38]
 [     458.78      487.05]
 [     457.44      485.71]
 [     457.44      484.38]
 [     456.11      483.04]
 [     456.11      481.71]
 [     454.78      480.38]
 [     454.78      477.71]
 [     453.44      476.37]
 [     453.44      475.04]
 [     450.77      472.37]
 [     450.77      471.03]
 [     449.44       469.7]
 [     449.44      468.37]
 [     446.77       465.7]
 [     446.77      464.36]
 [     445.43      463.03]
 [     445.43      461.69]
 [      444.1      460.36]
 [      444.1      459.03]
 [     442.77      457.69]
 [     442.77      456.36]
 [     441.43      455.02]
 [     441.43      453.69]
 [      440.1      452.35]
 [      440.1      449.68]
 [     438.76      448.35]
 [     438.76      444.35]
 [     437.43      443.01]
 [     437.43      440.34]
 [     436.09      439.01]
 [     434.76      439.01]
 [     433.43      437.68]
 [     430.76      437.68]
 [     429.42      436.34]
 [     428.09      436.34]
 [     426.75      435.01]
 [     425.42      435.01]
 [     424.08      433.67]
 [     422.75      433.67]
 [     421.42      432.34]
 [     418.75      432.34]
 [     417.41         431]
 [     410.74         431]
 [     409.41      429.67]
 [     406.74      429.67]
 [      405.4         431]
 [     398.73         431]
 [      397.4      429.67]
 [     396.06      429.67]
 [     394.73      428.33]
 [     394.73      424.33]
 [     350.69      424.33]
 [     350.69      428.33]
 [     349.36      429.67]
 [     348.03      429.67]
 [     346.69         431]
 [     342.69         431]
 [     341.35      432.34]
 [     326.68      432.34]
 [     325.34         431]
 [     318.67         431]
 [     317.33      429.67]
 [     314.67      429.67]
 [     313.33      428.33]
 [     313.33      424.33]]
