Image_Name: 7c00722909a9c749f44a3bbfc617ea3e
Class: Eye
Inner Main Points: [(148.6220476164333, 246.00765011991862), (148.04253987177796, 240.56412046528345), (148.387141303188, 244.69277027978993), (148.65179445703808, 249.56684428543397), (148.07809589167078, 238.77531459743875)]
Mask Points:
[[     132.74      212.81]
 [     132.74      266.73]
 [     138.41      266.73]
 [     139.83      268.14]
 [     139.83      273.82]
 [     155.44      273.82]
 [     155.44      268.14]
 [     161.11      262.47]
 [     161.11      261.05]
 [     162.53      259.63]
 [     162.53      255.38]
 [     163.95      253.96]
 [     163.95      234.09]
 [     162.53      232.68]
 [     162.53         227]
 [     163.95      225.58]
 [     163.95      224.16]
 [     162.53      222.74]
 [     162.53      221.33]
 [     161.11      219.91]
 [     161.11      218.49]
 [     159.69      217.07]
 [     159.69      212.81]]
