Image_Name: 7c00722909a9c749f44a3bbfc617ea3e
Class: Leg
Inner Main Points: [(153.66743170991847, 725.455154622857), (160.87944599853705, 726.437671180108), (154.20965401559624, 763.8190189817583), (176.06066380163722, 720.8843247497582), (161.70828016745924, 741.5178555116087)]
Mask Points:
[[     138.41      695.19]
 [     138.41      790.24]
 [     142.67      790.24]
 [     144.09      791.66]
 [     148.34      791.66]
 [     149.76      793.08]
 [     158.28      793.08]
 [     159.69       794.5]
 [     172.46       794.5]
 [     173.88      793.08]
 [     182.39      793.08]
 [     183.81      791.66]
 [     186.65      791.66]
 [     188.07      790.24]
 [     188.07      787.41]
 [     189.49      785.99]
 [     189.49      778.89]
 [     190.91      777.48]
 [     190.91      768.96]
 [     192.33      767.54]
 [     192.33       749.1]
 [     193.74      747.68]
 [     193.74      732.08]
 [     195.16      730.66]
 [     199.42      730.66]
 [     199.42      695.19]]
