Image_Name: 7c00722909a9c749f44a3bbfc617ea3e
Class: Leg
Inner Main Points: [(234.96133497758746, 720.802731075363), (245.86448939928533, 744.1955889971296), (244.61938497626062, 713.689712479468), (243.65940071562153, 718.3306983658827), (243.29172066197515, 741.2045484564634)]
Mask Points:
[[     217.86      695.19]
 [     217.86      777.48]
 [     222.12      777.48]
 [     223.54      778.89]
 [     223.54      784.57]
 [     224.96      785.99]
 [     224.96      790.24]
 [     227.79      793.08]
 [     237.73      793.08]
 [     239.14       794.5]
 [     257.59       794.5]
 [     259.01      793.08]
 [     263.26      793.08]
 [     264.68      791.66]
 [     267.52      791.66]
 [     271.78      787.41]
 [     271.78      783.15]
 [     273.19      781.73]
 [     273.19      746.26]
 [     274.61      744.84]
 [     278.87      744.84]
 [     278.87      695.19]]
