Image_Name: 7c00722909a9c749f44a3bbfc617ea3e
Class: Shoe
Inner Main Points: [(261.53073556964586, 851.2955749911091), (246.45927128769162, 864.6032162216109), (249.2899395184216, 868.1933129310094), (287.9156491908659, 864.9995217482013), (292.06838170993814, 874.6449083432994)]
Mask Points:
[[     223.54      820.04]
 [     223.54      875.37]
 [     229.21      875.37]
 [     230.63      876.79]
 [     232.05      876.79]
 [     236.31      881.04]
 [     237.73      881.04]
 [     240.56      883.88]
 [     241.98      883.88]
 [      243.4       885.3]
 [     244.82       885.3]
 [     247.66      888.14]
 [     247.66      892.39]
 [     308.66      892.39]
 [     308.66      888.14]
 [     310.08      886.72]
 [      311.5      886.72]
 [     312.92       885.3]
 [     314.34       885.3]
 [     317.18      882.46]
 [     318.59      882.46]
 [     320.01      881.04]
 [     324.27      881.04]
 [     324.27       862.6]
 [     320.01       862.6]
 [     317.18      859.76]
 [     317.18      858.34]
 [     314.34      855.51]
 [     314.34      854.09]
 [     310.08      849.83]
 [     310.08      848.41]
 [     307.24      845.58]
 [     305.83      845.58]
 [     301.57      841.32]
 [     300.15      841.32]
 [     291.64      832.81]
 [     291.64      831.39]
 [     285.96      825.71]
 [     285.96      820.04]
 [     249.08      820.04]
 [     249.08      825.71]
 [     244.82      829.97]
 [     244.82      831.39]
 [      243.4      832.81]
 [      243.4      835.64]
 [     241.98      837.06]
 [     237.73      837.06]
 [     230.63      829.97]
 [     230.63      828.55]
 [     229.21      827.13]
 [     229.21      820.04]]
