Image_Name: 7c00722909a9c749f44a3bbfc617ea3e
Class: Stock
Inner Main Points: [(169.34042622216657, 811.1019301957731), (170.45431969164343, 813.10777486373), (170.34985116849828, 813.4300675692623), (170.98794002083477, 810.9869005237753), (165.81783277285257, 809.2437463793544)]
Mask Points:
[[     138.41      791.66]
 [     138.41      814.36]
 [     145.51      814.36]
 [     146.93      815.78]
 [     148.34      815.78]
 [     149.76       817.2]
 [     151.18       817.2]
 [     158.28      824.29]
 [     158.28      825.71]
 [     159.69      827.13]
 [     159.69      829.97]
 [     161.11      831.39]
 [     161.11      841.32]
 [     176.72      841.32]
 [     176.72      837.06]
 [     179.56      834.23]
 [     179.56      832.81]
 [     182.39      829.97]
 [     182.39      828.55]
 [     183.81      827.13]
 [     183.81      824.29]
 [     185.23      822.88]
 [     185.23      821.46]
 [     186.65      820.04]
 [     186.65      791.66]]
