Image_Name: 7c00722909a9c749f44a3bbfc617ea3e
Class: Stock
Inner Main Points: [(247.50897794138214, 807.2580558535606), (246.1234519869823, 806.7856317295499), (248.55980335711345, 806.693140939249), (245.36535455093824, 808.4921590174582), (248.53523034974216, 806.6782104348948)]
Mask Points:
[[     229.21      791.66]
 [     229.21      832.81]
 [     234.89      832.81]
 [     236.31      834.23]
 [     236.31      835.64]
 [     237.73      837.06]
 [     237.73      841.32]
 [     241.98      841.32]
 [     241.98      831.39]
 [     250.49      822.88]
 [     251.91      822.88]
 [     253.33      821.46]
 [     254.75      821.46]
 [     256.17      820.04]
 [     260.43      820.04]
 [     261.84      818.62]
 [     278.87      818.62]
 [     278.87      805.85]
 [     274.61      805.85]
 [     273.19      804.43]
 [     273.19      797.34]
 [     271.78      795.92]
 [     271.78      791.66]]
