Image_Name: 9b688d3228e747bc83ef775b67479bb6
Class: Pants
Inner Main Points: [(156.85985938673574, 612.2441881245317), (192.154773625039, 603.291618139957), (133.2582620928808, 614.1600553216063), (239.63839404985134, 591.1882850588408), (243.27432906846215, 638.999745923553)]
Mask Points:
[[     121.39      581.69]
 [     121.39      699.44]
 [     244.82      699.44]
 [     244.82      695.19]
 [     246.24      693.77]
 [     261.84      693.77]
 [     263.26      692.35]
 [     285.96      692.35]
 [     293.06      685.26]
 [     293.06      683.84]
 [     294.48      682.42]
 [     294.48      675.33]
 [     293.06      673.91]
 [     293.06      648.37]
 [     294.48      646.95]
 [     294.48      627.09]
 [     293.06      625.67]
 [     293.06      607.23]
 [     294.48      605.81]
 [     294.48      597.29]
 [     297.31      594.46]
 [     301.57      594.46]
 [     301.57      581.69]]
