Image_Name: 32383a71f12c9f94d7168342b5423c8b
Class: Shoe
Inner Main Points: [(129.28351759683886, 855.0451265990359), (136.59183051623134, 870.4817713410068), (126.53091754852989, 865.4172431317905), (115.52611537643303, 871.6481047368146), (114.3566630987286, 851.0980493036762)]
Mask Points:
[[     113.27      827.72]
 [     113.27      831.96]
 [     111.86      833.38]
 [     110.45      833.38]
 [     109.04      834.79]
 [     106.21      834.79]
 [      104.8       836.2]
 [     103.39       836.2]
 [     101.97      837.61]
 [     96.325      837.61]
 [     96.325      884.22]
 [     100.56      884.22]
 [      104.8      888.46]
 [      104.8      889.88]
 [     106.21      889.88]
 [     109.04       892.7]
 [     142.94       892.7]
 [     144.35      891.29]
 [     147.18      891.29]
 [     148.59      889.88]
 [     151.41      889.88]
 [     155.65      885.64]
 [     155.65      884.22]
 [     157.06      882.81]
 [     157.06       881.4]
 [     158.47      879.99]
 [     158.47      877.16]
 [     159.89      875.75]
 [     159.89      868.69]
 [      161.3      867.28]
 [      161.3       858.8]
 [     159.89      857.39]
 [     159.89      854.56]
 [      161.3      853.15]
 [      161.3      840.44]
 [     155.65      834.79]
 [     152.82      834.79]
 [     151.41      833.38]
 [     148.59      833.38]
 [     147.18      831.96]
 [     147.18      827.72]]
