Image_Name: 32383a71f12c9f94d7168342b5423c8b
Class: Shoe
Inner Main Points: [(225.38422458264355, 852.1312030431761), (223.6396268086054, 848.1258186056532), (223.3969921431923, 856.1696650544662), (250.93673230843604, 852.9069162032845), (227.4041291398054, 845.6689364740693)]
Mask Points:
[[     203.68      827.72]
 [     203.68      891.29]
 [     223.45      891.29]
 [     224.86       892.7]
 [     254.52       892.7]
 [     255.94      891.29]
 [     261.59      891.29]
 [        263      889.88]
 [     265.82      889.88]
 [     268.65      887.05]
 [     270.06      887.05]
 [     272.89      884.22]
 [     272.89      871.51]
 [      274.3       870.1]
 [      274.3      827.72]]
