Image_Name: fac4fbcdfb9e06cc65b64a9f87088282
Class: Clothes
Inner Main Points: [(143.06105751599728, 490.05589503971805), (161.2252392410929, 460.85716755966), (202.51800530088815, 485.22583666688996), (208.0351018888232, 459.2127046490185), (151.79707276491752, 468.5163277199209)]
Mask Points:
[[     77.963      347.48]
 [     77.963      351.71]
 [     75.138      354.54]
 [       70.9      354.54]
 [     69.488      355.95]
 [     66.662      355.95]
 [      65.25      357.36]
 [     63.838      357.36]
 [     62.425      358.77]
 [     61.013      358.77]
 [       59.6      360.19]
 [     56.775      360.19]
 [      53.95      363.01]
 [     52.538      363.01]
 [     51.125      364.42]
 [     49.713      364.42]
 [     46.888      367.25]
 [     45.475      367.25]
 [     44.062      368.66]
 [     39.825      368.66]
 [     39.825       598.9]
 [     44.062       598.9]
 [     45.475      600.31]
 [     46.888      600.31]
 [       48.3      601.72]
 [     68.075      601.72]
 [     69.488      603.14]
 [     73.725      603.14]
 [     75.138      604.55]
 [     77.963      604.55]
 [     80.787      607.38]
 [     80.787      611.61]
 [     120.34      611.61]
 [     120.34      607.38]
 [     121.75      605.96]
 [      127.4      605.96]
 [     128.81      607.38]
 [     128.81      611.61]
 [     178.25      611.61]
 [     178.25      607.38]
 [     179.66      605.96]
 [     185.31      605.96]
 [     186.72      604.55]
 [     193.79      604.55]
 [      195.2      603.14]
 [     200.85      603.14]
 [     202.26      601.72]
 [     231.93      601.72]
 [     233.34      600.31]
 [      251.7      600.31]
 [     253.11       598.9]
 [     264.41       598.9]
 [     265.82      597.49]
 [     275.71      597.49]
 [     277.12       598.9]
 [     282.77       598.9]
 [     284.19      600.31]
 [     315.26      600.31]
 [     316.67      601.72]
 [     327.98      601.72]
 [     329.39      600.31]
 [      330.8      600.31]
 [     332.21       598.9]
 [     333.62       598.9]
 [     335.04      597.49]
 [     336.45      597.49]
 [     339.27      594.66]
 [      342.1      594.66]
 [     344.92      591.84]
 [     346.34      591.84]
 [     350.57       587.6]
 [     354.81       587.6]
 [     354.81      581.95]
 [     350.57      581.95]
 [     349.16      580.54]
 [     349.16      577.71]
 [     347.75       576.3]
 [     347.75      552.29]
 [     349.16      550.88]
 [     349.16      540.99]
 [     347.75      539.58]
 [     347.75       531.1]
 [     346.34      529.69]
 [     346.34      509.91]
 [     344.92       508.5]
 [     344.92      470.36]
 [     346.34      468.95]
 [     346.34      466.12]
 [     347.75      464.71]
 [     347.75      460.48]
 [     350.57      457.65]
 [     354.81      457.65]
 [     354.81      382.79]
 [     349.16      382.79]
 [     347.75      381.38]
 [     347.75      379.96]
 [     346.34      378.55]
 [     346.34      377.14]
 [     336.45      367.25]
 [     335.04      367.25]
 [     332.21      364.42]
 [      330.8      364.42]
 [     329.39      363.01]
 [     327.98      363.01]
 [     326.56       361.6]
 [     325.15       361.6]
 [     323.74      360.19]
 [     322.32      360.19]
 [     320.91      358.77]
 [     315.26      358.77]
 [     313.85      357.36]
 [      308.2      357.36]
 [     306.79      355.95]
 [     292.66      355.95]
 [     291.25      354.54]
 [     281.36      354.54]
 [     279.95      353.12]
 [     275.71      353.12]
 [      274.3      351.71]
 [      274.3      347.48]
 [     250.29      347.48]
 [     250.29      351.71]
 [     248.88      353.12]
 [     246.05      353.12]
 [     244.64      354.54]
 [     238.99      354.54]
 [     237.57      355.95]
 [     234.75      355.95]
 [     233.34      357.36]
 [     226.27      357.36]
 [     224.86      358.77]
 [     175.43      358.77]
 [     174.01      357.36]
 [     145.76      357.36]
 [     144.35      355.95]
 [     134.46      355.95]
 [     133.05      354.54]
 [     111.86      354.54]
 [     110.45      353.12]
 [     106.21      353.12]
 [      104.8      351.71]
 [      104.8      347.48]]
