Image_Name: fac4fbcdfb9e06cc65b64a9f87088282
Class: Face
Inner Main Points: [(194, 278)]
Mask Points:
[[      116.1      183.62]
 [      116.1      187.86]
 [     110.45      193.51]
 [     109.04      193.51]
 [     106.21      196.34]
 [     103.39      196.34]
 [     101.97      197.75]
 [     97.737      197.75]
 [     92.087       203.4]
 [     92.087      204.81]
 [     89.263      207.64]
 [     89.263      209.05]
 [      87.85      210.46]
 [      87.85      211.88]
 [     85.025       214.7]
 [     85.025      216.11]
 [     83.613      217.52]
 [       82.2      217.52]
 [     72.312      227.41]
 [       70.9      227.41]
 [     69.488      228.82]
 [     62.425      228.82]
 [     62.425      334.76]
 [     66.662      334.76]
 [      76.55      344.65]
 [     77.963      344.65]
 [     80.787      347.48]
 [       82.2      347.48]
 [     83.613      348.89]
 [      87.85      348.89]
 [     89.263       350.3]
 [     97.737       350.3]
 [      99.15      348.89]
 [     107.62      348.89]
 [     111.86      353.12]
 [     110.45      354.54]
 [     110.45      355.95]
 [     109.04      357.36]
 [     109.04      358.77]
 [     103.39      364.42]
 [     103.39      370.08]
 [      99.15      374.31]
 [      99.15      379.96]
 [     165.54      379.96]
 [     165.54      371.49]
 [     166.95      370.08]
 [     164.12      367.25]
 [     164.12      365.84]
 [      161.3      365.84]
 [     159.89      367.25]
 [     157.06      367.25]
 [     152.82      363.01]
 [     152.82      357.36]
 [     154.24      355.95]
 [     155.65      355.95]
 [     157.06      354.54]
 [     158.47      354.54]
 [     159.89      353.12]
 [     162.71      353.12]
 [     164.12      351.71]
 [      172.6      351.71]
 [     174.01       350.3]
 [     196.61       350.3]
 [     198.02      348.89]
 [     212.15      348.89]
 [     213.56      347.48]
 [      217.8      347.48]
 [     219.21      346.06]
 [      229.1      346.06]
 [     230.51      344.65]
 [     241.81      344.65]
 [     243.22      343.24]
 [     255.94      343.24]
 [     257.35      344.65]
 [     261.59      344.65]
 [        263      346.06]
 [     265.82      346.06]
 [     268.65      348.89]
 [     270.06      348.89]
 [     271.48       350.3]
 [      274.3       350.3]
 [     277.12      353.12]
 [     277.12      354.54]
 [     272.89      358.77]
 [     271.48      358.77]
 [     271.48      360.19]
 [     268.65      363.01]
 [     268.65      367.25]
 [     267.24      368.66]
 [     270.06      371.49]
 [      274.3      371.49]
 [     275.71      370.08]
 [     278.54      370.08]
 [     279.95      368.66]
 [     281.36      368.66]
 [     282.77      367.25]
 [     282.77      365.84]
 [     284.19      364.42]
 [     284.19      360.19]
 [      285.6      358.77]
 [      285.6      355.95]
 [     287.01      354.54]
 [     287.01      353.12]
 [     289.84       350.3]
 [     291.25       350.3]
 [     295.49      346.06]
 [      296.9      346.06]
 [     299.73      343.24]
 [     301.14      343.24]
 [     302.55      341.83]
 [     303.96      341.83]
 [     323.74      322.05]
 [     323.74      320.64]
 [     326.56      317.81]
 [     326.56       316.4]
 [      330.8      312.16]
 [      330.8       305.1]
 [     329.39      303.69]
 [     329.39      302.27]
 [     327.98      300.86]
 [     327.98      299.45]
 [     326.56      298.04]
 [     326.56      295.21]
 [     327.98       293.8]
 [     327.98      292.39]
 [     329.39      290.98]
 [     329.39      283.91]
 [      330.8       282.5]
 [      330.8      278.26]
 [     329.39      276.85]
 [     329.39      274.02]
 [     327.98      272.61]
 [     327.98      268.38]
 [     326.56      266.96]
 [     326.56      261.31]
 [     327.98       259.9]
 [     327.98      258.49]
 [     329.39      257.08]
 [     329.39      254.25]
 [      330.8      252.84]
 [      330.8      242.95]
 [     332.21      241.54]
 [     332.21      240.12]
 [      330.8      238.71]
 [      330.8      233.06]
 [     325.15      227.41]
 [     325.15         226]
 [     320.91      221.76]
 [      319.5      221.76]
 [     318.09      220.35]
 [     316.67      220.35]
 [     312.44      216.11]
 [     312.44      213.29]
 [     311.02      211.88]
 [     311.02      209.05]
 [     309.61      207.64]
 [     309.61      201.99]
 [      308.2      200.57]
 [      308.2      197.75]
 [     306.79      196.34]
 [     306.79      194.93]
 [     305.38      193.51]
 [     305.38       192.1]
 [     302.55      189.27]
 [     302.55      183.62]]
