Image_Name: fac4fbcdfb9e06cc65b64a9f87088282
Class: Hair
Inner Main Points: [(205.79017922638835, 173.13783931025188), (206.37086871919223, 185.4695471417535), (151.08577063394108, 142.41460152089638), (196.39036358272693, 153.88891159024544), (176.4518255629988, 189.4730013442159)]
Mask Points:
[[     34.175      14.125]
 [     34.175      238.71]
 [     38.413      238.71]
 [     39.825      240.12]
 [     39.825      241.54]
 [     41.237      242.95]
 [     41.237       259.9]
 [     39.825      261.31]
 [     39.825      264.14]
 [     38.413      265.55]
 [     34.175      265.55]
 [     34.175      324.88]
 [     38.413      324.88]
 [     46.888      333.35]
 [       48.3      333.35]
 [     55.362      340.41]
 [     58.188      340.41]
 [       59.6      341.83]
 [     63.838      341.83]
 [      65.25      343.24]
 [     73.725      343.24]
 [     75.138      344.65]
 [     77.963      344.65]
 [     79.375      346.06]
 [      99.15      346.06]
 [     100.56      344.65]
 [     114.69      344.65]
 [      116.1      343.24]
 [     120.34      343.24]
 [     121.75      344.65]
 [        150      344.65]
 [     151.41      343.24]
 [     152.82      344.65]
 [     166.95      344.65]
 [     168.36      346.06]
 [     182.49      346.06]
 [      183.9      347.48]
 [     190.96      347.48]
 [     192.38      348.89]
 [     209.32      348.89]
 [     210.74      347.48]
 [     231.93      347.48]
 [     233.34      348.89]
 [     241.81      348.89]
 [     243.22       350.3]
 [     248.88       350.3]
 [     250.29      351.71]
 [     257.35      351.71]
 [     258.76      353.12]
 [     265.82      353.12]
 [     267.24      354.54]
 [     291.25      354.54]
 [     292.66      355.95]
 [     299.73      355.95]
 [     301.14      357.36]
 [     303.96      357.36]
 [     305.38      358.77]
 [     309.61      358.77]
 [     311.02      360.19]
 [     312.44      360.19]
 [     313.85       361.6]
 [     322.32       361.6]
 [     323.74      360.19]
 [     326.56      360.19]
 [     333.62      353.12]
 [     333.62      351.71]
 [     335.04       350.3]
 [     335.04      348.89]
 [     336.45      347.48]
 [     336.45      344.65]
 [     337.86      343.24]
 [     337.86      336.17]
 [     339.27      334.76]
 [     339.27      329.11]
 [     340.69       327.7]
 [     340.69      323.46]
 [      342.1      322.05]
 [      342.1      317.81]
 [     343.51       316.4]
 [     343.51      312.16]
 [     344.92      310.75]
 [     344.92      278.26]
 [     346.34      276.85]
 [     346.34      272.61]
 [     347.75       271.2]
 [     347.75      266.96]
 [     349.16      265.55]
 [     349.16      264.14]
 [     351.99      261.31]
 [     351.99       259.9]
 [      353.4      258.49]
 [      353.4      257.08]
 [     356.23      254.25]
 [     360.46      254.25]
 [     360.46      14.125]
 [     212.15      14.125]
 [     212.15      19.775]
 [     207.91      24.013]
 [      206.5      24.013]
 [     205.09      25.425]
 [     178.25      25.425]
 [     176.84      24.013]
 [     174.01      24.013]
 [      172.6        22.6]
 [     169.77        22.6]
 [     165.54      18.362]
 [     165.54      14.125]]
