Image_Name: fac4fbcdfb9e06cc65b64a9f87088282
Class: Hand
Inner Main Points: [(58, 627)]
Mask Points:
[[     61.013      584.78]
 [     61.013      589.01]
 [     58.188      591.84]
 [     58.188      593.25]
 [     55.362      596.08]
 [      53.95      596.08]
 [     44.062      605.96]
 [     41.237      605.96]
 [     39.825      607.38]
 [     38.413      607.38]
 [     32.763      613.03]
 [      31.35      613.03]
 [     29.938      614.44]
 [     28.525      614.44]
 [     27.113      615.85]
 [     22.875      615.85]
 [     22.875      669.53]
 [     28.525      669.53]
 [     29.938      670.94]
 [         37      670.94]
 [     38.413      672.35]
 [     39.825      672.35]
 [     41.237      670.94]
 [     51.125      670.94]
 [     52.538      669.53]
 [     56.775      669.53]
 [     58.188      668.11]
 [     66.662      668.11]
 [     68.075       666.7]
 [     79.375       666.7]
 [     80.787      665.29]
 [     83.613      665.29]
 [     86.438      662.46]
 [      87.85      662.46]
 [     89.263      661.05]
 [     90.675      661.05]
 [     92.087      659.64]
 [       93.5      659.64]
 [     97.737       655.4]
 [     97.737      652.58]
 [      99.15      651.16]
 [      99.15      639.86]
 [     97.737      638.45]
 [     97.737      629.97]
 [     96.325      628.56]
 [     96.325      597.49]
 [     94.912      596.08]
 [     94.912      593.25]
 [       93.5      591.84]
 [       93.5      584.78]]
