Image_Name: fac4fbcdfb9e06cc65b64a9f87088282
Class: Hand
Inner Main Points: [(351, 601)]
Mask Points:
[[      319.5      556.53]
 [      319.5      560.76]
 [     318.09      562.17]
 [     318.09      566.41]
 [     316.67      567.83]
 [     316.67      569.24]
 [     315.26      570.65]
 [     315.26      572.06]
 [     309.61      577.71]
 [     305.38      577.71]
 [     305.38      600.31]
 [     311.02      600.31]
 [     316.67      605.96]
 [     318.09      605.96]
 [     325.15      613.03]
 [     326.56      613.03]
 [      330.8      617.26]
 [     332.21      617.26]
 [     335.04      620.09]
 [     335.04       621.5]
 [     339.27      625.74]
 [     340.69      625.74]
 [     343.51      628.56]
 [     344.92      628.56]
 [     347.75      631.39]
 [     349.16      631.39]
 [     350.57       632.8]
 [     351.99       632.8]
 [      353.4      634.21]
 [     354.81      634.21]
 [     359.05      638.45]
 [     360.46      638.45]
 [     363.29      641.28]
 [      364.7      641.28]
 [     367.53       644.1]
 [     368.94       644.1]
 [     370.35      645.51]
 [     373.18      645.51]
 [     374.59      646.92]
 [     383.06      646.92]
 [     384.48      645.51]
 [     384.48       644.1]
 [     385.89      642.69]
 [     385.89      641.28]
 [      387.3      639.86]
 [      387.3      634.21]
 [     392.95      628.56]
 [     392.95      627.15]
 [     394.36      625.74]
 [     394.36      624.33]
 [     395.78      622.91]
 [     395.78       610.2]
 [     397.19      608.79]
 [     397.19      605.96]
 [     395.78      604.55]
 [     395.78      601.72]
 [     392.95       598.9]
 [     392.95      597.49]
 [     370.35      574.89]
 [     368.94      574.89]
 [     366.11      572.06]
 [      364.7      572.06]
 [     361.88      569.24]
 [     359.05      569.24]
 [     357.64      567.83]
 [     356.23      567.83]
 [      353.4         565]
 [     351.99         565]
 [     350.57      563.59]
 [     349.16      563.59]
 [     346.34      560.76]
 [     346.34      556.53]]
