Image_Name: fac4fbcdfb9e06cc65b64a9f87088282
Class: Leg
Inner Main Points: [(146, 753)]
Mask Points:
[[     131.64      697.78]
 [     131.64      702.01]
 [     133.05      702.01]
 [     134.46      703.42]
 [     144.35      703.42]
 [     145.76      704.84]
 [      161.3      704.84]
 [     162.71      706.25]
 [     164.12      706.25]
 [     166.95      709.08]
 [     166.95      714.72]
 [     165.54      716.14]
 [     155.65      716.14]
 [     154.24      717.55]
 [     151.41      717.55]
 [        150      716.14]
 [     145.76      716.14]
 [     144.35      717.55]
 [     135.88      717.55]
 [     134.46      718.96]
 [     121.75      718.96]
 [     120.34      717.55]
 [     117.51      717.55]
 [      116.1      716.14]
 [     114.69      716.14]
 [     111.86      713.31]
 [     107.62      713.31]
 [     107.62      800.89]
 [     111.86      800.89]
 [     113.27       802.3]
 [     114.69       802.3]
 [      116.1      803.71]
 [     117.51      803.71]
 [     118.92      805.12]
 [     118.92      809.36]
 [     162.71      809.36]
 [     162.71      803.71]
 [     164.12       802.3]
 [     164.12      796.65]
 [     165.54      795.24]
 [     165.54      758.51]
 [     166.95       757.1]
 [     166.95       734.5]
 [     168.36      733.09]
 [     168.36      726.03]
 [     169.77      724.61]
 [     174.01      724.61]
 [     174.01      697.78]]
