Image_Name: fac4fbcdfb9e06cc65b64a9f87088282
Class: Shoe
Inner Main Points: [(129, 846)]
Mask Points:
[[     90.675      799.47]
 [     90.675       892.7]
 [     158.47       892.7]
 [      161.3      889.88]
 [     162.71      889.88]
 [     164.12      888.46]
 [     168.36      888.46]
 [     168.36      799.47]
 [      161.3      799.47]
 [      161.3      803.71]
 [     158.47      806.54]
 [     157.06      806.54]
 [     155.65      807.95]
 [      127.4      807.95]
 [     125.99      806.54]
 [     123.16      806.54]
 [     120.34      803.71]
 [     120.34      799.47]]
