Image_Name: fac4fbcdfb9e06cc65b64a9f87088282
Class: Shoe
Inner Main Points: [(237, 851)]
Mask Points:
[[     198.02      810.78]
 [     198.02       892.7]
 [     258.76       892.7]
 [     260.17      891.29]
 [        263      891.29]
 [     264.41       892.7]
 [     265.82      891.29]
 [     271.48      891.29]
 [      274.3      888.46]
 [     275.71      888.46]
 [     277.12      887.05]
 [     281.36      887.05]
 [     281.36      819.25]
 [     277.12      819.25]
 [     275.71      817.84]
 [     275.71      816.42]
 [      274.3      815.01]
 [      274.3      810.78]]
