Image_Name: 0142_CHS_3
Class: Face
Inner Main Points: [(112.23054118240964, 261.41754839879974), (213.3316115018436, 242.17885093272403), (112.53589454588138, 275.92107402941923), (169.2144103880945, 264.76894140622625), (165.82960022816343, 295.6677370993792)]
Mask Points:
[[     93.245      195.03]
 [     93.245      203.27]
 [     94.619      204.64]
 [     94.619      207.39]
 [     95.992      208.76]
 [     95.992      223.87]
 [     94.619      225.24]
 [     94.619      233.48]
 [     91.872      236.23]
 [     85.005      236.23]
 [     83.631       237.6]
 [     82.258       237.6]
 [     80.884      238.98]
 [     75.391      238.98]
 [     75.391      292.54]
 [     79.511      292.54]
 [     82.258      295.29]
 [     82.258      296.66]
 [     89.125      303.53]
 [     89.125       304.9]
 [     97.366      313.14]
 [     98.739      313.14]
 [     102.86      317.26]
 [     104.23      317.26]
 [     106.98      320.01]
 [     108.35      320.01]
 [     109.73      321.38]
 [      111.1      321.38]
 [     112.47      322.76]
 [     117.97      322.76]
 [     119.34      324.13]
 [     130.33      324.13]
 [      131.7      322.76]
 [     138.57      322.76]
 [     139.94      321.38]
 [     142.69      321.38]
 [     144.06      320.01]
 [     146.81      320.01]
 [     148.18      318.64]
 [      152.3      318.64]
 [     153.68      317.26]
 [      157.8      317.26]
 [     159.17      315.89]
 [     161.92      315.89]
 [     163.29      314.52]
 [     166.04      314.52]
 [     167.41      313.14]
 [     170.16      313.14]
 [     171.53      311.77]
 [     175.65      311.77]
 [     177.02       310.4]
 [      178.4       310.4]
 [     179.77      309.02]
 [     181.15      309.02]
 [     182.52      307.65]
 [     185.27      307.65]
 [     186.64      306.28]
 [     188.01      306.28]
 [     189.39       304.9]
 [     190.76       304.9]
 [     192.13      303.53]
 [     193.51      303.53]
 [     194.88      302.16]
 [     196.25      302.16]
 [        199      299.41]
 [     200.37      299.41]
 [     201.75      298.04]
 [     203.12      298.04]
 [     204.49      296.66]
 [     205.87      296.66]
 [     208.61      293.92]
 [     209.99      293.92]
 [     212.73      291.17]
 [     214.11      291.17]
 [     215.48       289.8]
 [     216.85       289.8]
 [     218.23      288.42]
 [     220.97      288.42]
 [     222.35      287.05]
 [     223.72      287.05]
 [      225.1      285.67]
 [     226.47      285.67]
 [     227.84       284.3]
 [     233.34       284.3]
 [     233.34      256.83]
 [     229.22      256.83]
 [     223.72      251.34]
 [     223.72      248.59]
 [     222.35      247.22]
 [     222.35      234.86]
 [     223.72      233.48]
 [     223.72      232.11]
 [      219.6      227.99]
 [     214.11      227.99]
 [     212.73      229.36]
 [     211.36      227.99]
 [     208.61      227.99]
 [     207.24      226.62]
 [     205.87      226.62]
 [     203.12      223.87]
 [     203.12       222.5]
 [     196.25      215.63]
 [     196.25      214.26]
 [     194.88      212.88]
 [     194.88      211.51]
 [     190.76      207.39]
 [     190.76      204.64]
 [     189.39      203.27]
 [     189.39      195.03]
 [     150.93      195.03]
 [     150.93      200.52]
 [      152.3       201.9]
 [      152.3      212.88]
 [     150.93      214.26]
 [     150.93       222.5]
 [     149.56      223.87]
 [     149.56      226.62]
 [     148.18      227.99]
 [     148.18      229.36]
 [     144.06      233.48]
 [     144.06       237.6]
 [     139.94      241.72]
 [     139.94       243.1]
 [     138.57      244.47]
 [      137.2      244.47]
 [     135.82      245.85]
 [     134.45      245.85]
 [     133.07      247.22]
 [     128.95      247.22]
 [     127.58      248.59]
 [     116.59      248.59]
 [     115.22      249.97]
 [     105.61      249.97]
 [     104.23      248.59]
 [     101.49      248.59]
 [     100.11      247.22]
 [     98.739      247.22]
 [     97.366      245.85]
 [     95.992      245.85]
 [     94.619      244.47]
 [     94.619       237.6]
 [     97.366      234.86]
 [     97.366      233.48]
 [     98.739      232.11]
 [     98.739      225.24]
 [     100.11      223.87]
 [     100.11      221.12]
 [     98.739      219.75]
 [     98.739      218.38]
 [     97.366         217]
 [     97.366      210.14]
 [     98.739      208.76]
 [     100.11      208.76]
 [     101.49      207.39]
 [     102.86      207.39]
 [     105.61      204.64]
 [     105.61      203.27]
 [     106.98       201.9]
 [     106.98      200.52]
 [     108.35      199.15]
 [     108.35      195.03]]
