Image_Name: 0142_CHS_3
Class: Pants
Inner Main Points: [(159.61000058713051, 574.0018013228332), (243.4873709596516, 591.4584999672236), (204.4580191802932, 632.0079716075371), (223.49319427609447, 608.7313053852857), (174.71322892551848, 582.12574199696)]
Mask Points:
[[     124.83       568.6]
 [     124.83       682.6]
 [     159.17       682.6]
 [     159.17      678.48]
 [     160.54       677.1]
 [     166.04       677.1]
 [     167.41      675.73]
 [      240.2      675.73]
 [     241.58      674.36]
 [     242.95      674.36]
 [     244.32      672.98]
 [     249.82      672.98]
 [     249.82       568.6]]
