Image_Name: 0142_CHS_2
Class: Face
Inner Main Points: [(111.82497600066873, 865.1347171210037), (164.4600464678023, 732.1458667927428), (90.85489637510446, 847.2504921667955), (148.26669213000736, 829.5371257081326), (129.2817868957206, 733.4637654112195)]
Mask Points:
[[     101.97      601.72]
 [     101.97      613.03]
 [     100.56      614.44]
 [     100.56      615.85]
 [      99.15      617.26]
 [      99.15      627.15]
 [     97.737      628.56]
 [     97.737      641.28]
 [      99.15      642.69]
 [      99.15      649.75]
 [     97.737      651.16]
 [     97.737      656.81]
 [     96.325      658.22]
 [     90.675      658.22]
 [     90.675      692.12]
 [     97.737      692.12]
 [     101.97      696.36]
 [     103.39      696.36]
 [      104.8      697.78]
 [     106.21      697.78]
 [     110.45      702.01]
 [     110.45      703.42]
 [     109.04      704.84]
 [     107.62      704.84]
 [     107.62      707.66]
 [     106.21      709.08]
 [     106.21      720.38]
 [     107.62      721.79]
 [     107.62      766.99]
 [     109.04       768.4]
 [     109.04      789.59]
 [     107.62         791]
 [     107.62      798.06]
 [     106.21      799.47]
 [     106.21      809.36]
 [      104.8      810.78]
 [      104.8      816.42]
 [     101.97      819.25]
 [     101.97      820.66]
 [     100.56      822.08]
 [     100.56       824.9]
 [      99.15      826.31]
 [      99.15      827.72]
 [     97.737      829.14]
 [     97.737      830.55]
 [     96.325      831.96]
 [     90.675      831.96]
 [     90.675      878.58]
 [     94.912      878.58]
 [     96.325      879.99]
 [     97.737      879.99]
 [      99.15       881.4]
 [      99.15      882.81]
 [     101.97      885.64]
 [     103.39      885.64]
 [     106.21      888.46]
 [     107.62      888.46]
 [     109.04      889.88]
 [     111.86      889.88]
 [     113.27      891.29]
 [     121.75      891.29]
 [     123.16       892.7]
 [     134.46       892.7]
 [     135.88      891.29]
 [     147.18      891.29]
 [     148.59      889.88]
 [     154.24      889.88]
 [     155.65      888.46]
 [     157.06      888.46]
 [     159.89      885.64]
 [     159.89      884.22]
 [      161.3      882.81]
 [      161.3       881.4]
 [     164.12      878.58]
 [     168.36      878.58]
 [     168.36      861.62]
 [     164.12      861.62]
 [     162.71      860.21]
 [     162.71      854.56]
 [     164.12      853.15]
 [     168.36      853.15]
 [     168.36      830.55]
 [     164.12      830.55]
 [      161.3      827.72]
 [      161.3      826.31]
 [     159.89       824.9]
 [     159.89      809.36]
 [      161.3      807.95]
 [      161.3      805.12]
 [     162.71      803.71]
 [     162.71       802.3]
 [     164.12      800.89]
 [     168.36      800.89]
 [     168.36      696.36]
 [     162.71      696.36]
 [      161.3      697.78]
 [     159.89      697.78]
 [     158.47      699.19]
 [     155.65      699.19]
 [     154.24       700.6]
 [     144.35       700.6]
 [     142.94      702.01]
 [      138.7      702.01]
 [     137.29      703.42]
 [     141.52      703.42]
 [     142.94      704.84]
 [     152.82      704.84]
 [     154.24      706.25]
 [     155.65      706.25]
 [     157.06      707.66]
 [     157.06      709.08]
 [     155.65      710.49]
 [     155.65       711.9]
 [     151.41      716.14]
 [     137.29      716.14]
 [     135.88      714.72]
 [     128.81      714.72]
 [     125.99       711.9]
 [     124.57       711.9]
 [     120.34      707.66]
 [     120.34      706.25]
 [     118.92      704.84]
 [     117.51      704.84]
 [     114.69      702.01]
 [     114.69      699.19]
 [      116.1      697.78]
 [     114.69      697.78]
 [     113.27      696.36]
 [     110.45      696.36]
 [     107.62      693.54]
 [     107.62      692.12]
 [     106.21      690.71]
 [     103.39      690.71]
 [     101.97       689.3]
 [     100.56       689.3]
 [     97.737      686.47]
 [     97.737      669.53]
 [      99.15      668.11]
 [      99.15       666.7]
 [     100.56      665.29]
 [     100.56      663.88]
 [     101.97      662.46]
 [     101.97      645.51]
 [     103.39       644.1]
 [     103.39      627.15]
 [      104.8      625.74]
 [      104.8      622.91]
 [     106.21       621.5]
 [     106.21      620.09]
 [     107.62      618.67]
 [     107.62      614.44]
 [     109.04      613.03]
 [     109.04      601.72]]
