Image_Name: a521f87a662971cf6fec0c6940f8f95e
Class: Hand
Inner Main Points: [(57.946908338793165, 636.4530299165768), (103.55535246331698, 608.5472466282127), (102.77886807671008, 617.8357483239008), (88.70357465152375, 623.5918084049725), (63.2396875540301, 629.2127113831343)]
Mask Points:
[[     54.706      581.69]
 [     54.706      585.94]
 [     47.613      593.04]
 [     46.194      593.04]
 [     44.775      594.46]
 [     43.356      594.46]
 [     41.938      595.88]
 [     36.263      595.88]
 [     36.263      659.72]
 [     41.938      659.72]
 [     43.356      661.14]
 [     43.356      665.39]
 [     114.29      665.39]
 [     114.29      661.14]
 [     119.97      655.46]
 [     125.64      655.46]
 [     125.64      581.69]]
