Image_Name: a521f87a662971cf6fec0c6940f8f95e
Class: Leg
Inner Main Points: [(225.90213425395655, 736.5735250437322), (176.40481602080112, 761.3568253151597), (179.00032547190548, 690.6603470065493), (246.90034965255586, 738.764667252498), (213.90901907176647, 787.0536524834492)]
Mask Points:
[[     121.39      632.76]
 [     121.39      720.73]
 [     125.64      720.73]
 [     127.06      722.14]
 [     127.06      723.56]
 [     125.64      724.98]
 [     121.39      724.98]
 [     121.39      808.69]
 [     139.83      808.69]
 [     141.25      807.27]
 [     145.51      807.27]
 [     146.93      805.85]
 [     162.53      805.85]
 [     163.95      804.43]
 [     173.88      804.43]
 [      175.3      803.01]
 [     179.56      803.01]
 [     180.98      804.43]
 [     188.07      804.43]
 [     189.49      805.85]
 [     190.91      805.85]
 [     192.33      807.27]
 [     193.74      807.27]
 [     196.58      810.11]
 [     196.58      811.53]
 [     199.42      814.36]
 [     199.42      818.62]
 [     200.84      820.04]
 [     200.84      824.29]
 [     203.68      827.13]
 [     205.09      827.13]
 [     207.93      829.97]
 [     207.93      835.64]
 [     216.44      835.64]
 [     216.44      825.71]
 [     217.86      824.29]
 [     217.86      821.46]
 [     223.54      815.78]
 [     224.96      815.78]
 [     227.79      812.94]
 [     232.05      812.94]
 [     233.47      811.53]
 [     236.31      811.53]
 [     239.14      808.69]
 [     241.98      808.69]
 [      243.4      810.11]
 [     244.82      810.11]
 [     247.66      812.94]
 [     251.91      812.94]
 [     253.33      814.36]
 [     274.61      814.36]
 [     276.03      812.94]
 [     284.54      812.94]
 [     285.96      811.53]
 [     290.22      811.53]
 [     290.22      763.29]
 [     285.96      763.29]
 [     284.54      761.87]
 [     284.54      760.45]
 [     283.13      759.03]
 [     283.13      756.19]
 [     281.71      754.78]
 [     281.71      707.96]
 [     283.13      706.54]
 [     283.13      682.42]
 [     280.29      679.58]
 [     280.29      678.16]
 [     278.87      676.74]
 [     280.29      675.33]
 [     280.29      671.07]
 [     281.71      669.65]
 [     281.71      668.23]
 [     283.13      666.81]
 [     283.13       658.3]
 [     285.96      655.46]
 [     290.22      655.46]
 [     290.22      632.76]]
