Image_Name: a521f87a662971cf6fec0c6940f8f95e
Class: Pants
Inner Main Points: [(252.81872615126133, 641.6407645251054), (196.31169082185536, 656.3806869842158), (178.84120961581874, 644.1173041918642), (213.82085219689316, 677.5669680444801), (202.2034536717647, 639.9747342464436)]
Mask Points:
[[     121.39      581.69]
 [     121.39      699.44]
 [     244.82      699.44]
 [     244.82      695.19]
 [     246.24      693.77]
 [     261.84      693.77]
 [     263.26      692.35]
 [     285.96      692.35]
 [     293.06      685.26]
 [     293.06      683.84]
 [     294.48      682.42]
 [     294.48      675.33]
 [     293.06      673.91]
 [     293.06      648.37]
 [     294.48      646.95]
 [     294.48      627.09]
 [     293.06      625.67]
 [     293.06      607.23]
 [     294.48      605.81]
 [     294.48      597.29]
 [     297.31      594.46]
 [     301.57      594.46]
 [     301.57      581.69]]
