Image_Name: a521f87a662971cf6fec0c6940f8f95e
Class: Shoe
Inner Main Points: [(285.3627449362231, 872.9734557035389), (273.59131364103644, 827.2399837090256), (285.13066926672775, 866.5668439130535), (285.4846418451606, 866.7354298217392), (249.16990519860826, 843.1374085482066)]
Mask Points:
[[     226.38      808.69]
 [     226.38      812.94]
 [     223.54      815.78]
 [     217.86      815.78]
 [     217.86      892.39]
 [     224.96      892.39]
 [     226.38      893.81]
 [     234.89      893.81]
 [     236.31      892.39]
 [     276.03      892.39]
 [     277.45      893.81]
 [     287.38      893.81]
 [      288.8      892.39]
 [     312.92      892.39]
 [     314.34      890.98]
 [     318.59      890.98]
 [     321.43      888.14]
 [     322.85      888.14]
 [     324.27      886.72]
 [     324.27      883.88]
 [     325.69      882.46]
 [     329.94      882.46]
 [     329.94      879.63]
 [     325.69      879.63]
 [     324.27      878.21]
 [     324.27      872.53]
 [     325.69      871.11]
 [     329.94      871.11]
 [     329.94      869.69]
 [     325.69      869.69]
 [     324.27      868.28]
 [     324.27      831.39]
 [     322.85      829.97]
 [     322.85      825.71]
 [     321.43      824.29]
 [     321.43      822.88]
 [     317.18      818.62]
 [     314.34      818.62]
 [     312.92       817.2]
 [     307.24       817.2]
 [     305.83      815.78]
 [     300.15      815.78]
 [     298.73      814.36]
 [     291.64      814.36]
 [     290.22      812.94]
 [     290.22      808.69]]
