Image_Name: 779f13a5b7e9b7b4de2bb6e7ffafb0e6
Class: Eye
Inner Main Points: [(108.77639258995477, 230.9696090537248), (111.08951885800307, 233.76882084810347), (111.7547147291752, 232.07057833583954), (107.69537797711088, 228.51178842776855), (110.14198021399322, 230.79142190576164)]
Mask Points:
[[     97.366      189.53]
 [     97.366      240.35]
 [     101.49      240.35]
 [     106.98      245.85]
 [      111.1      245.85]
 [     112.47      247.22]
 [     113.85      245.85]
 [     115.22      245.85]
 [     116.59      244.47]
 [     116.59       243.1]
 [     119.34      240.35]
 [     123.46      240.35]
 [     123.46      219.75]
 [     119.34      219.75]
 [     117.97      218.38]
 [     117.97      215.63]
 [     116.59      214.26]
 [     116.59      207.39]
 [     115.22      206.02]
 [     115.22       201.9]
 [     113.85      200.52]
 [     113.85      197.77]
 [     112.47       196.4]
 [     112.47      189.53]]
