Image_Name: 779f13a5b7e9b7b4de2bb6e7ffafb0e6
Class: Leg
Inner Main Points: [(195.55565326543123, 698.7421828238478), (209.0595933310455, 693.1379404427418), (216.9598061205792, 763.6430116782817), (182.81576584380056, 685.6998764378156), (200.84987516295283, 743.0044258619158)]
Mask Points:
[[      152.3      672.98]
 [      152.3      700.45]
 [     156.42      700.45]
 [     159.17       703.2]
 [     159.17      705.95]
 [     160.54      707.32]
 [     160.54      710.07]
 [     161.92      711.44]
 [     161.92      715.56]
 [     163.29      716.93]
 [     163.29      722.43]
 [     164.66       723.8]
 [     164.66      727.92]
 [     166.04       729.3]
 [     166.04      734.79]
 [     167.41      736.16]
 [     167.41      756.76]
 [     168.78      758.14]
 [     168.78      771.87]
 [     170.16      773.25]
 [     170.16      774.62]
 [     171.53      775.99]
 [      172.9      775.99]
 [     174.28      777.37]
 [     193.51      777.37]
 [     194.88      778.74]
 [     197.63      778.74]
 [        199      777.37]
 [     211.36      777.37]
 [     212.73      775.99]
 [     218.23      775.99]
 [      219.6      774.62]
 [     222.35      774.62]
 [     223.72      773.25]
 [      225.1      773.25]
 [     227.84       770.5]
 [     227.84         765]
 [     229.22      763.63]
 [     233.34      763.63]
 [     233.34      745.78]
 [     229.22      745.78]
 [     227.84       744.4]
 [     227.84      737.54]
 [     226.47      736.16]
 [     226.47      722.43]
 [      225.1      721.05]
 [      225.1      683.97]
 [     223.72       682.6]
 [     223.72      672.98]]
