Image_Name: 1d5fb668e097948d03c9087372eae883
Class: Leg
Inner Main Points: [(219.23607901946045, 789.485491283373), (234.65478377310413, 733.9562295447429), (220.76500916692657, 715.9278758313181), (212.4296969282134, 790.5980779621269), (236.66502462199776, 781.6438438558225)]
Mask Points:
[[     192.38      703.42]
 [     192.38      785.35]
 [     196.61      785.35]
 [     198.02      786.76]
 [     198.02      789.59]
 [     199.44         791]
 [     199.44      793.83]
 [     200.85      795.24]
 [     200.85      798.06]
 [     202.26      799.47]
 [     202.26      800.89]
 [     205.09      803.71]
 [      206.5      803.71]
 [     207.91      805.12]
 [     213.56      805.12]
 [     214.97      806.54]
 [      240.4      806.54]
 [     241.81      805.12]
 [     246.05      805.12]
 [     247.46      803.71]
 [      251.7      803.71]
 [     254.52      800.89]
 [     254.52      798.06]
 [     255.94      796.65]
 [     255.94      786.76]
 [     257.35      785.35]
 [     257.35      772.64]
 [     258.76      771.22]
 [     258.76      742.97]
 [     260.17      741.56]
 [     264.41      741.56]
 [     264.41      703.42]]
