Image_Name: 1d5fb668e097948d03c9087372eae883
Class: Leg
Inner Main Points: [(136.38957307868986, 772.0244862916873), (134.07164952425336, 768.9149400384089), (147.25515014296823, 729.5366773930633), (127.9904933644635, 767.1019811295521), (144.96874938753868, 722.7027473892592)]
Mask Points:
[[     113.27      703.42]
 [     113.27      798.06]
 [     118.92      798.06]
 [     120.34      799.47]
 [     124.57      799.47]
 [     125.99      800.89]
 [     131.64      800.89]
 [     133.05       802.3]
 [     154.24       802.3]
 [     155.65      800.89]
 [     158.47      800.89]
 [     159.89      799.47]
 [     159.89      798.06]
 [      161.3      796.65]
 [      161.3      795.24]
 [     162.71      793.83]
 [     162.71         791]
 [     164.12      789.59]
 [     164.12      786.76]
 [     165.54      785.35]
 [     165.54       779.7]
 [     166.95      778.29]
 [     166.95      771.22]
 [     168.36      769.81]
 [     168.36      742.97]
 [     169.77      741.56]
 [     169.77      731.67]
 [     171.19      730.26]
 [     171.19      721.79]
 [      172.6      720.38]
 [      172.6      710.49]
 [     174.01      709.08]
 [     174.01      703.42]]
