Image_Name: 1d5fb668e097948d03c9087372eae883
Class: Shoe
Inner Main Points: [(146.8284289855631, 878.747661029468), (146.7252397187288, 875.2981673783225), (135.60830456739387, 869.5444276175094), (121.82873719578402, 851.8850441789302), (118.84821301007716, 876.7545209671213)]
Mask Points:
[[     96.325      822.08]
 [     96.325      884.22]
 [     101.97      884.22]
 [      104.8      887.05]
 [     106.21      887.05]
 [     107.62      888.46]
 [     107.62      894.11]
 [     154.24      894.11]
 [     154.24      889.88]
 [     159.89      884.22]
 [     159.89      882.81]
 [      161.3       881.4]
 [      161.3      851.74]
 [     162.71      850.33]
 [     162.71      846.09]
 [     164.12      844.67]
 [     168.36      844.67]
 [     168.36      833.38]
 [     164.12      833.38]
 [     159.89      829.14]
 [     159.89      827.72]
 [     158.47      826.31]
 [     158.47      822.08]
 [     158.47      826.31]
 [     157.06      827.72]
 [     157.06      834.79]
 [     152.82      839.03]
 [     151.41      839.03]
 [        150      837.61]
 [     147.18      837.61]
 [     145.76       836.2]
 [     144.35       836.2]
 [     142.94      834.79]
 [     140.11      834.79]
 [      138.7      833.38]
 [     133.05      833.38]
 [     131.64      834.79]
 [     124.57      834.79]
 [     123.16       836.2]
 [     121.75       836.2]
 [     120.34      837.61]
 [     118.92      837.61]
 [     117.51      839.03]
 [      116.1      839.03]
 [     113.27      841.85]
 [     110.45      841.85]
 [     109.04      843.26]
 [     106.21      843.26]
 [     103.39      840.44]
 [     103.39      827.72]
 [      104.8      826.31]
 [      104.8      822.08]]
