Image_Name: 583efc52ae55bba5b64bbb9ad2fc2b04
Class: Hand
Inner Main Points: [(186.78190016208725, 611.6007632303783), (175.69278095259122, 602.9864931975783), (155.27777294553576, 614.8707395951016), (163.03966119667217, 614.7768259135341), (162.64981034666766, 625.3858274409693)]
Mask Points:
[[     135.82       568.6]
 [     135.82      642.77]
 [     160.54      642.77]
 [     161.92      644.14]
 [     167.41      644.14]
 [     168.78      645.52]
 [     170.16      645.52]
 [     171.53      644.14]
 [     185.27      644.14]
 [     186.64      645.52]
 [     196.25      645.52]
 [        199      642.77]
 [        199       641.4]
 [     200.37      640.02]
 [     200.37      638.65]
 [     201.75      637.27]
 [     201.75      630.41]
 [     203.12      629.03]
 [     203.12      618.05]
 [     204.49      616.67]
 [     204.49      596.07]
 [     203.12       594.7]
 [     203.12      586.46]
 [     201.75      585.08]
 [     201.75      575.47]
 [     203.12       574.1]
 [     203.12       568.6]]
