Image_Name: 583efc52ae55bba5b64bbb9ad2fc2b04
Class: Pants
Inner Main Points: [(204.74371801174692, 634.2803249792757), (182.06830180097316, 625.3314728775981), (233.2236714975213, 620.7513640808045), (233.35789706006528, 592.482005020095), (213.61123893050944, 607.2713391385167)]
Mask Points:
[[     124.83       568.6]
 [     124.83       682.6]
 [     159.17       682.6]
 [     159.17      678.48]
 [     160.54       677.1]
 [     166.04       677.1]
 [     167.41      675.73]
 [      240.2      675.73]
 [     241.58      674.36]
 [     242.95      674.36]
 [     244.32      672.98]
 [     249.82      672.98]
 [     249.82       568.6]]
