Image_Name: 583efc52ae55bba5b64bbb9ad2fc2b04
Class: Shoe
Inner Main Points: [(127.78396213566911, 807.8760091055096), (200.53914451727417, 811.8397978640271), (115.57490408920302, 832.9200288052568), (164.07853383366506, 849.2194542670466), (122.11467640925268, 844.5754097862475)]
Mask Points:
[[     91.872      788.35]
 [     91.872      868.01]
 [     130.33      868.01]
 [      131.7      869.39]
 [     139.94      869.39]
 [     141.32      870.76]
 [     141.32      874.88]
 [     174.28      874.88]
 [     174.28      870.76]
 [     175.65      869.39]
 [     192.13      869.39]
 [     193.51      868.01]
 [     238.83      868.01]
 [      240.2      866.64]
 [     241.58      866.64]
 [     244.32      863.89]
 [     244.32      807.58]
 [     242.95      806.21]
 [     242.95      800.71]
 [     241.58      799.34]
 [     241.58      795.22]
 [      240.2      793.85]
 [      240.2      788.35]
 [     220.97      788.35]
 [     220.97      792.47]
 [     218.23      795.22]
 [     215.48      795.22]
 [     214.11      796.59]
 [     190.76      796.59]
 [     189.39      795.22]
 [     186.64      795.22]
 [     185.27      793.85]
 [     182.52      793.85]
 [     181.15      792.47]
 [     181.15      788.35]]
