Image_Name: bfd6a87d08bda680d50428c6a22c3116
Class: Eye
Inner Main Points: [(268.3648512202767, 243.55732469700587), (270.3433713911188, 202.76059367223382), (261.77414303340373, 201.82585607432875), (243.7667381026921, 210.6383764174156), (289.31842794988944, 215.15328895290384)]
Mask Points:
[[     229.21      184.44]
 [     229.21      253.96]
 [     233.47      253.96]
 [     237.73      258.21]
 [     239.14      258.21]
 [     240.56      259.63]
 [     241.98      259.63]
 [     244.82      262.47]
 [     246.24      262.47]
 [     247.66      263.89]
 [     247.66      268.14]
 [     257.59      268.14]
 [     257.59      263.89]
 [     260.43      261.05]
 [     263.26      261.05]
 [      266.1      258.21]
 [     267.52      258.21]
 [     273.19      252.54]
 [     273.19       249.7]
 [     274.61      248.28]
 [     274.61      245.44]
 [     276.03      244.03]
 [     276.03      235.51]
 [     277.45      234.09]
 [     277.45      229.84]
 [     278.87      228.42]
 [     278.87      225.58]
 [     281.71      222.74]
 [     284.54      222.74]
 [     295.89      234.09]
 [     297.31      234.09]
 [     297.31      231.26]
 [     298.73      229.84]
 [     298.73      212.81]
 [     297.31      211.39]
 [     297.31      208.56]
 [     295.89      207.14]
 [     295.89       204.3]
 [     294.48      202.88]
 [     294.48      201.46]
 [     291.64      198.63]
 [     291.64      197.21]
 [     285.96      191.53]
 [     285.96      190.11]
 [     284.54      188.69]
 [     284.54      184.44]]
