Image_Name: bfd6a87d08bda680d50428c6a22c3116
Class: Pants
Inner Main Points: [(248.86493057751508, 653.5120800468821), (153.05054927329667, 663.4653838920683), (145.49260342732035, 652.7034371073534), (144.04558593704812, 689.620914673881), (127.63393855276622, 682.7473322488624)]
Mask Points:
[[     121.39      581.69]
 [     121.39      699.44]
 [     244.82      699.44]
 [     244.82      695.19]
 [     246.24      693.77]
 [     261.84      693.77]
 [     263.26      692.35]
 [     285.96      692.35]
 [     293.06      685.26]
 [     293.06      683.84]
 [     294.48      682.42]
 [     294.48      675.33]
 [     293.06      673.91]
 [     293.06      648.37]
 [     294.48      646.95]
 [     294.48      627.09]
 [     293.06      625.67]
 [     293.06      607.23]
 [     294.48      605.81]
 [     294.48      597.29]
 [     297.31      594.46]
 [     301.57      594.46]
 [     301.57      581.69]]
