Image_Name: 7e3319787b1ea2067ccfaff27cba6a26
Class: Ear
Inner Main Points: [(316.3437254643852, 289.8412368981384), (312.02249595802806, 315.689789111181), (313.1952783907168, 309.13469015679885), (316.06918030383787, 290.5058960355862), (308.87148093490157, 312.9089919327619)]
Mask Points:
[[     307.72      274.02]
 [     307.72      281.23]
 [     306.28      282.67]
 [     306.28      284.11]
 [      303.4         287]
 [      303.4      288.44]
 [     301.95      289.88]
 [     301.95      292.76]
 [     300.51      294.21]
 [     300.51      295.65]
 [     299.07      297.09]
 [     299.07      299.97]
 [     297.63      301.42]
 [     297.63       304.3]
 [     296.18      305.74]
 [     296.18      308.63]
 [     294.74      310.07]
 [     294.74       314.4]
 [      293.3      315.84]
 [      293.3      317.28]
 [     291.86      318.72]
 [     291.86      321.61]
 [     288.97      324.49]
 [     284.65      324.49]
 [     284.65      350.45]
 [     290.42      350.45]
 [     291.86      349.01]
 [      293.3      349.01]
 [     294.74      347.57]
 [     296.18      347.57]
 [     297.63      346.12]
 [     299.07      346.12]
 [     300.51      344.68]
 [     301.95      344.68]
 [      303.4      343.24]
 [     304.84      343.24]
 [     307.72      340.36]
 [     309.16      340.36]
 [     322.14      327.38]
 [     322.14      325.93]
 [     323.59      324.49]
 [     323.59      323.05]
 [     326.47      320.17]
 [     326.47      317.28]
 [     327.91      315.84]
 [     327.91      312.95]
 [     329.35      311.51]
 [     329.35      307.19]
 [      330.8      305.74]
 [     335.12      305.74]
 [     335.12      297.09]
 [      330.8      297.09]
 [     329.35      295.65]
 [     329.35      288.44]
 [     327.91         287]
 [     327.91      279.78]
 [     326.47      278.34]
 [     326.47      274.02]]
