Image_Name: 7e3319787b1ea2067ccfaff27cba6a26
Class: Foot
Inner Main Points: [(155.16995095170944, 896.6039157510777), (134.36371712195472, 889.4042935042321), (158.9229611207135, 879.605637793195), (144.91644243062134, 878.4547923696188), (149.22974327570043, 883.3526122709758)]
Mask Points:
[[     159.18      856.66]
 [     159.18      860.99]
 [     157.73      862.43]
 [     153.41      862.43]
 [     151.97      863.87]
 [     140.43      863.87]
 [     137.54      866.75]
 [     137.54       868.2]
 [     133.22      872.52]
 [     133.22      873.97]
 [     130.33      876.85]
 [     128.89      876.85]
 [      118.8      886.95]
 [     117.35      886.95]
 [     115.91      888.39]
 [     111.58      888.39]
 [     111.58      910.02]
 [     121.68      910.02]
 [     123.12      911.46]
 [     159.18      911.46]
 [     160.62      910.02]
 [     164.95      910.02]
 [     166.39      908.58]
 [     169.27      908.58]
 [     170.71      907.14]
 [      173.6      907.14]
 [     176.48      904.25]
 [     176.48      902.81]
 [     177.92      901.37]
 [     177.92      898.48]
 [     179.37      897.04]
 [     179.37      891.27]
 [     177.92      889.83]
 [     177.92      882.62]
 [     176.48      881.18]
 [     176.48      873.97]
 [     175.04      872.52]
 [     175.04      856.66]]
