Image_Name: 7e3319787b1ea2067ccfaff27cba6a26
Class: Shoe
Inner Main Points: [(268.3770382256683, 867.4681111359149), (265.9322505638468, 891.9680049032011), (274.34126588724996, 895.0571693948841), (263.18570854807774, 893.1107517407065), (264.5255276169595, 888.1715949993452)]
Mask Points:
[[     248.59      850.89]
 [     248.59       858.1]
 [     247.15      859.54]
 [     247.15      865.31]
 [     248.59      866.75]
 [     248.59      876.85]
 [     247.15      878.29]
 [     247.15      879.73]
 [     245.71      881.18]
 [     245.71      882.62]
 [     242.82       885.5]
 [     242.82      886.95]
 [      238.5      891.27]
 [     232.73      891.27]
 [     232.73      911.46]
 [     242.82      911.46]
 [     244.27       912.9]
 [     257.25       912.9]
 [     258.69      911.46]
 [      265.9      911.46]
 [     267.34      910.02]
 [     271.67      910.02]
 [     273.11      908.58]
 [     278.88      908.58]
 [     281.76      905.69]
 [     281.76      904.25]
 [      283.2      902.81]
 [      283.2      901.37]
 [     284.65      899.92]
 [     284.65      897.04]
 [     286.09       895.6]
 [     286.09      892.71]
 [     287.53      891.27]
 [     287.53      876.85]
 [     286.09      875.41]
 [     286.09      866.75]
 [     284.65      865.31]
 [     284.65      850.89]
 [     264.46      850.89]
 [     264.46      855.22]
 [     263.01      856.66]
 [     252.92      856.66]
 [     251.48      855.22]
 [     251.48      850.89]]
