Image_Name: 1724083862459
Class: Pants
Inner Main Points: [(178.41619864474114, 632.8029507386344), (220.89525209062737, 641.9815863888595), (192.01807463589236, 582.6435341133246), (145.52924199444388, 642.2246513312115), (192.37276870773326, 590.5792437604222)]
Mask Points:
[[     124.83       568.6]
 [     124.83       682.6]
 [     159.17       682.6]
 [     159.17      678.48]
 [     160.54       677.1]
 [     166.04       677.1]
 [     167.41      675.73]
 [      240.2      675.73]
 [     241.58      674.36]
 [     242.95      674.36]
 [     244.32      672.98]
 [     249.82      672.98]
 [     249.82       568.6]]
