Image_Name: 7c26859598b3931cdaa00d97b5eef7d1
Class: Hand
Inner Main Points: [(182.4488259670735, 595.7720491546319), (180.8751039889439, 627.0389688742849), (181.47933055967223, 598.4961526051903), (181.9771253646115, 599.8835901830319), (184.74393931431393, 613.0251000875847)]
Mask Points:
[[     135.82       568.6]
 [     135.82      642.77]
 [     160.54      642.77]
 [     161.92      644.14]
 [     167.41      644.14]
 [     168.78      645.52]
 [     170.16      645.52]
 [     171.53      644.14]
 [     185.27      644.14]
 [     186.64      645.52]
 [     196.25      645.52]
 [        199      642.77]
 [        199       641.4]
 [     200.37      640.02]
 [     200.37      638.65]
 [     201.75      637.27]
 [     201.75      630.41]
 [     203.12      629.03]
 [     203.12      618.05]
 [     204.49      616.67]
 [     204.49      596.07]
 [     203.12       594.7]
 [     203.12      586.46]
 [     201.75      585.08]
 [     201.75      575.47]
 [     203.12       574.1]
 [     203.12       568.6]]
