Image_Name: 7c26859598b3931cdaa00d97b5eef7d1
Class: Pants
Inner Main Points: [(199.95818063875788, 648.6637402262471), (191.2053321303098, 655.4810374325543), (183.4008947034257, 618.430525235064), (169.48818326272078, 583.7610584634622), (170.4439717052288, 631.3301633123607)]
Mask Points:
[[     124.83       568.6]
 [     124.83       682.6]
 [     159.17       682.6]
 [     159.17      678.48]
 [     160.54       677.1]
 [     166.04       677.1]
 [     167.41      675.73]
 [      240.2      675.73]
 [     241.58      674.36]
 [     242.95      674.36]
 [     244.32      672.98]
 [     249.82      672.98]
 [     249.82       568.6]]
