Image_Name: 7c26859598b3931cdaa00d97b5eef7d1
Class: Shoe
Inner Main Points: [(197.7276094902462, 844.4511026444343), (213.4366187579248, 845.816926012821), (159.51623661151953, 823.3736617048468), (217.90523337321673, 846.8892379566203), (222.52446097211637, 828.455359497961)]
Mask Points:
[[     91.872      788.35]
 [     91.872      868.01]
 [     130.33      868.01]
 [      131.7      869.39]
 [     139.94      869.39]
 [     141.32      870.76]
 [     141.32      874.88]
 [     174.28      874.88]
 [     174.28      870.76]
 [     175.65      869.39]
 [     192.13      869.39]
 [     193.51      868.01]
 [     238.83      868.01]
 [      240.2      866.64]
 [     241.58      866.64]
 [     244.32      863.89]
 [     244.32      807.58]
 [     242.95      806.21]
 [     242.95      800.71]
 [     241.58      799.34]
 [     241.58      795.22]
 [      240.2      793.85]
 [      240.2      788.35]
 [     220.97      788.35]
 [     220.97      792.47]
 [     218.23      795.22]
 [     215.48      795.22]
 [     214.11      796.59]
 [     190.76      796.59]
 [     189.39      795.22]
 [     186.64      795.22]
 [     185.27      793.85]
 [     182.52      793.85]
 [     181.15      792.47]
 [     181.15      788.35]]
