Image_Name: 5011ae6809e5ccb81556134863b56720
Class: Hand
Inner Main Points: [(50.93160242781942, 608.774747128999), (47.17313254392259, 653.4614697903231), (41.55302070949423, 613.6578341815398), (75.38528387045349, 635.5375187530991), (51.36058831280219, 619.7445830176121)]
Mask Points:
[[     49.713      579.12]
 [     49.713      583.36]
 [     39.825      593.25]
 [     38.413      593.25]
 [     32.763       598.9]
 [      31.35       598.9]
 [     28.525      601.72]
 [     22.875      601.72]
 [     22.875      670.94]
 [     62.425      670.94]
 [     63.838      672.35]
 [     89.263      672.35]
 [     90.675      670.94]
 [     96.325      670.94]
 [     100.56       666.7]
 [     101.97       666.7]
 [     107.62      661.05]
 [     111.86      661.05]
 [     111.86      642.69]
 [     107.62      642.69]
 [     106.21      641.28]
 [     106.21      631.39]
 [      104.8      629.97]
 [      104.8      625.74]
 [     106.21      624.33]
 [     106.21      604.55]
 [      104.8      603.14]
 [      104.8      596.08]
 [     103.39      594.66]
 [     103.39      590.42]
 [     101.97      589.01]
 [     101.97      586.19]
 [     100.56      584.78]
 [     100.56      579.12]]
