Image_Name: 5011ae6809e5ccb81556134863b56720
Class: Shoe
Inner Main Points: [(233.5929461203996, 875.967159528344), (254.7520053368256, 872.2504977400787), (221.99891864399763, 871.3207293668755), (232.5112351653594, 870.7147367247373), (259.2830167124731, 858.198946999562)]
Mask Points:
[[     203.68      827.72]
 [     203.68      891.29]
 [     223.45      891.29]
 [     224.86       892.7]
 [     254.52       892.7]
 [     255.94      891.29]
 [     261.59      891.29]
 [        263      889.88]
 [     265.82      889.88]
 [     268.65      887.05]
 [     270.06      887.05]
 [     272.89      884.22]
 [     272.89      871.51]
 [      274.3       870.1]
 [      274.3      827.72]]
