Image_Name: 1724230509747-564668066
Class: Pants
Inner Main Points: [(169.78065528381464, 634.468157600175), (235.23476435895378, 580.8351947056644), (139.4173550229006, 580.5852308142771), (208.49847451692756, 618.1122549445406), (226.34466574348662, 579.3199624365362)]
Mask Points:
[[     124.83       568.6]
 [     124.83       682.6]
 [     159.17       682.6]
 [     159.17      678.48]
 [     160.54       677.1]
 [     166.04       677.1]
 [     167.41      675.73]
 [      240.2      675.73]
 [     241.58      674.36]
 [     242.95      674.36]
 [     244.32      672.98]
 [     249.82      672.98]
 [     249.82       568.6]]
