Image_Name: f7a98f6b723853fe985b51aa847ec64c
Class: Eye
Inner Main Points: [(148.37603941062812, 239.66651150900688), (148.32636744366624, 237.7897915730454), (148.6162438513711, 240.9847848209872), (147.91034386991768, 243.11889307184506), (148.7103089537126, 249.50113703316342)]
Mask Points:
[[     132.74      212.81]
 [     132.74      266.73]
 [     138.41      266.73]
 [     139.83      268.14]
 [     139.83      273.82]
 [     155.44      273.82]
 [     155.44      268.14]
 [     161.11      262.47]
 [     161.11      261.05]
 [     162.53      259.63]
 [     162.53      255.38]
 [     163.95      253.96]
 [     163.95      234.09]
 [     162.53      232.68]
 [     162.53         227]
 [     163.95      225.58]
 [     163.95      224.16]
 [     162.53      222.74]
 [     162.53      221.33]
 [     161.11      219.91]
 [     161.11      218.49]
 [     159.69      217.07]
 [     159.69      212.81]]
