Image_Name: f7a98f6b723853fe985b51aa847ec64c
Class: Hand
Inner Main Points: [(327.50912871890756, 621.194126676416), (320.415297166521, 615.2404716617017), (330.38899785968226, 621.2917770399938), (328.1058948828523, 621.2819035535784), (322.08897247093347, 618.8802584208711)]
Mask Points:
[[     291.64      598.71]
 [     291.64      618.58]
 [     295.89      618.58]
 [     300.15      622.83]
 [     300.15      624.25]
 [     301.57      625.67]
 [     301.57      627.09]
 [     307.24      632.76]
 [     307.24       635.6]
 [     308.66      637.02]
 [     308.66      639.86]
 [     310.08      641.28]
 [     310.08      642.69]
 [      311.5      644.11]
 [     312.92      644.11]
 [     314.34      645.53]
 [     322.85      645.53]
 [     324.27      646.95]
 [     325.69      646.95]
 [     328.53      649.79]
 [     328.53      651.21]
 [     329.94      652.62]
 [     329.94      654.04]
 [     332.78      656.88]
 [      334.2      656.88]
 [     335.62       658.3]
 [     337.04       658.3]
 [     338.46      656.88]
 [     339.88      656.88]
 [     341.29      655.46]
 [     342.71      655.46]
 [     344.13      654.04]
 [     345.55      654.04]
 [     346.97      652.62]
 [     349.81      655.46]
 [     352.64      655.46]
 [     354.06      656.88]
 [      356.9      656.88]
 [     358.32      655.46]
 [     363.99      655.46]
 [     363.99      644.11]
 [     359.74      644.11]
 [      356.9      641.28]
 [      356.9      639.86]
 [     355.48      638.44]
 [     355.48      637.02]
 [     354.06       635.6]
 [     354.06      632.76]
 [     352.64      631.34]
 [     352.64      628.51]
 [     351.23      627.09]
 [     351.23      625.67]
 [     349.81      624.25]
 [     349.81      621.41]
 [     348.39      619.99]
 [     348.39      618.58]
 [     346.97      617.16]
 [     346.97      615.74]
 [     335.62      604.39]
 [     335.62      598.71]]
