Image_Name: f7a98f6b723853fe985b51aa847ec64c
Class: Hand
Inner Main Points: [(73.30267811158531, 620.0501867192656), (74.94849634715162, 620.0293401548846), (69.08747058821211, 629.3962656993963), (77.77937729034132, 614.552524504772), (71.8434356760497, 630.6418648025187)]
Mask Points:
[[     68.894      593.04]
 [     68.894      598.71]
 [     63.219      604.39]
 [     63.219      605.81]
 [     58.963      610.06]
 [     58.963      611.48]
 [     57.544       612.9]
 [     57.544      614.32]
 [     56.125      615.74]
 [     56.125      618.58]
 [     54.706      619.99]
 [     54.706      622.83]
 [     53.288      624.25]
 [     53.288      625.67]
 [     51.869      627.09]
 [     51.869      631.34]
 [      50.45      632.76]
 [      50.45      634.18]
 [     49.031       635.6]
 [     49.031      637.02]
 [     46.194      639.86]
 [     41.938      639.86]
 [     41.938      659.72]
 [     57.544      659.72]
 [     57.544      655.46]
 [     63.219      649.79]
 [     64.638      649.79]
 [     66.056      651.21]
 [     66.056      652.62]
 [     68.894      655.46]
 [     68.894      659.72]
 [     78.825      659.72]
 [     78.825      648.37]
 [     80.244      646.95]
 [     80.244      644.11]
 [     83.081      641.28]
 [     85.919      641.28]
 [     87.338      639.86]
 [     93.013      639.86]
 [     93.013      634.18]
 [     91.594      632.76]
 [     93.013      631.34]
 [     93.013      629.93]
 [     94.431      628.51]
 [     94.431      627.09]
 [     98.688      622.83]
 [     98.688      621.41]
 [     100.11      619.99]
 [     100.11      618.58]
 [     104.36      614.32]
 [     108.62      614.32]
 [     108.62      600.13]
 [     104.36      600.13]
 [     102.94      598.71]
 [      95.85      598.71]
 [     94.431      597.29]
 [     94.431      593.04]]
