Image_Name: f7a98f6b723853fe985b51aa847ec64c
Class: Leg
Inner Main Points: [(166.7053830061882, 763.8112794803828), (174.38937242581525, 711.0105397025611), (178.67024721952626, 732.0020795521008), (155.0501064921263, 741.2411900238887), (162.0571827366927, 760.7278035253642)]
Mask Points:
[[     138.41      695.19]
 [     138.41      790.24]
 [     142.67      790.24]
 [     144.09      791.66]
 [     148.34      791.66]
 [     149.76      793.08]
 [     158.28      793.08]
 [     159.69       794.5]
 [     172.46       794.5]
 [     173.88      793.08]
 [     182.39      793.08]
 [     183.81      791.66]
 [     186.65      791.66]
 [     188.07      790.24]
 [     188.07      787.41]
 [     189.49      785.99]
 [     189.49      778.89]
 [     190.91      777.48]
 [     190.91      768.96]
 [     192.33      767.54]
 [     192.33       749.1]
 [     193.74      747.68]
 [     193.74      732.08]
 [     195.16      730.66]
 [     199.42      730.66]
 [     199.42      695.19]]
