Image_Name: f7a98f6b723853fe985b51aa847ec64c
Class: Leg
Inner Main Points: [(248.02593722157224, 711.159467734753), (253.5041272586562, 765.7082181443013), (248.90710299771274, 760.6728760952378), (252.4088971991605, 742.5086903594013), (233.001163827132, 752.3035716319832)]
Mask Points:
[[     217.86      695.19]
 [     217.86      777.48]
 [     222.12      777.48]
 [     223.54      778.89]
 [     223.54      784.57]
 [     224.96      785.99]
 [     224.96      790.24]
 [     227.79      793.08]
 [     237.73      793.08]
 [     239.14       794.5]
 [     257.59       794.5]
 [     259.01      793.08]
 [     263.26      793.08]
 [     264.68      791.66]
 [     267.52      791.66]
 [     271.78      787.41]
 [     271.78      783.15]
 [     273.19      781.73]
 [     273.19      746.26]
 [     274.61      744.84]
 [     278.87      744.84]
 [     278.87      695.19]]
