Image_Name: f7a98f6b723853fe985b51aa847ec64c
Class: Stock
Inner Main Points: [(246.1387078326348, 808.0999234458004), (246.11762894256998, 808.1650824408563), (244.36044913362426, 808.7280905484483), (247.0768428392426, 806.912154970552), (245.53987045151712, 806.8049607461538)]
Mask Points:
[[     229.21      791.66]
 [     229.21      832.81]
 [     234.89      832.81]
 [     236.31      834.23]
 [     236.31      835.64]
 [     237.73      837.06]
 [     237.73      841.32]
 [     241.98      841.32]
 [     241.98      831.39]
 [     250.49      822.88]
 [     251.91      822.88]
 [     253.33      821.46]
 [     254.75      821.46]
 [     256.17      820.04]
 [     260.43      820.04]
 [     261.84      818.62]
 [     278.87      818.62]
 [     278.87      805.85]
 [     274.61      805.85]
 [     273.19      804.43]
 [     273.19      797.34]
 [     271.78      795.92]
 [     271.78      791.66]]
