Image_Name: f7a98f6b723853fe985b51aa847ec64c
Class: Stock
Inner Main Points: [(164.90682254498404, 807.8366985090975), (168.05305674310773, 809.5111861623155), (171.3278732474576, 810.9386612442275), (169.17568270445017, 807.1321420029025), (168.5200588976891, 812.2939605906756)]
Mask Points:
[[     138.41      791.66]
 [     138.41      814.36]
 [     145.51      814.36]
 [     146.93      815.78]
 [     148.34      815.78]
 [     149.76       817.2]
 [     151.18       817.2]
 [     158.28      824.29]
 [     158.28      825.71]
 [     159.69      827.13]
 [     159.69      829.97]
 [     161.11      831.39]
 [     161.11      841.32]
 [     176.72      841.32]
 [     176.72      837.06]
 [     179.56      834.23]
 [     179.56      832.81]
 [     182.39      829.97]
 [     182.39      828.55]
 [     183.81      827.13]
 [     183.81      824.29]
 [     185.23      822.88]
 [     185.23      821.46]
 [     186.65      820.04]
 [     186.65      791.66]]
