Image_Name: a15f2582d870481683fd47b80199f70f
Class: Lower_clothes
Inner Main Points: [(1297, 999)]
Mask Points:
[[        678         918]
 [        678        1032]
 [        687        1032]
 [        693        1038]
 [        693        1050]
 [        699        1056]
 [        699        1062]
 [        696        1065]
 [        690        1065]
 [        687        1068]
 [        678        1068]
 [        678        1080]
 [       1917        1080]
 [       1917        1050]
 [       1911        1050]
 [       1908        1047]
 [       1896        1047]
 [       1893        1044]
 [       1887        1044]
 [       1884        1041]
 [       1875        1041]
 [       1872        1038]
 [       1866        1038]
 [       1863        1035]
 [       1851        1035]
 [       1848        1032]
 [       1830        1032]
 [       1827        1029]
 [       1821        1029]
 [       1818        1026]
 [       1809        1026]
 [       1806        1029]
 [       1803        1029]
 [       1800        1026]
 [       1797        1026]
 [       1794        1023]
 [       1779        1023]
 [       1776        1020]
 [       1776        1017]
 [       1770        1011]
 [       1758        1011]
 [       1752        1017]
 [       1743        1017]
 [       1740        1020]
 [       1728        1020]
 [       1725        1017]
 [       1719        1017]
 [       1710        1008]
 [       1683        1008]
 [       1680        1005]
 [       1674        1005]
 [       1671        1002]
 [       1668        1002]
 [       1665         999]
 [       1662         999]
 [       1659         996]
 [       1656         996]
 [       1653         993]
 [       1647         993]
 [       1644         990]
 [       1641         990]
 [       1635         984]
 [       1626         984]
 [       1623         981]
 [       1614         981]
 [       1608         975]
 [       1608         972]
 [       1605         969]
 [       1599         969]
 [       1596         966]
 [       1596         963]
 [       1599         960]
 [       1608         960]
 [       1611         963]
 [       1629         963]
 [       1632         966]
 [       1641         966]
 [       1644         963]
 [       1650         963]
 [       1653         960]
 [       1662         960]
 [       1665         957]
 [       1671         957]
 [       1674         954]
 [       1683         954]
 [       1686         951]
 [       1698         951]
 [       1701         954]
 [       1704         954]
 [       1707         957]
 [       1710         957]
 [       1713         960]
 [       1722         960]
 [       1725         957]
 [       1740         957]
 [       1743         960]
 [       1755         960]
 [       1758         963]
 [       1761         963]
 [       1785         987]
 [       1806         987]
 [       1815         978]
 [       1824         978]
 [       1827         975]
 [       1830         975]
 [       1851         954]
 [       1851         951]
 [       1866         936]
 [       1872         936]
 [       1875         933]
 [       1881         933]
 [       1887         927]
 [       1887         918]
 [       1143         918]
 [       1143         927]
 [       1137         933]
 [       1116         933]
 [       1113         930]
 [       1110         930]
 [       1107         927]
 [       1107         918]
 [       1065         918]
 [       1065         927]
 [       1062         930]
 [       1017         930]
 [       1014         927]
 [       1014         918]
 [       1014         927]
 [       1011         930]
 [       1008         930]
 [       1005         933]
 [        999         933]
 [        996         936]
 [        939         936]
 [        936         939]
 [        906         939]
 [        903         936]
 [        897         936]
 [        894         933]
 [        888         933]
 [        885         930]
 [        882         930]
 [        879         927]
 [        879         918]
 [        858         918]
 [        858         927]
 [        855         930]
 [        849         930]
 [        846         933]
 [        828         933]
 [        825         930]
 [        810         930]
 [        807         933]
 [        795         933]
 [        792         930]
 [        774         930]
 [        771         933]
 [        756         933]
 [        753         936]
 [        720         936]
 [        717         939]
 [        711         939]
 [        708         936]
 [        702         936]
 [        699         933]
 [        696         933]
 [        693         930]
 [        693         918]]
