Image_Name: a15f2582d870481683fd47b80199f70f
Class: Lower_clothes
Inner Main Points: [(11.603795649743073, 1106.1380565935137), (500.11259236983926, 938.4117027028951), (221.44399396999194, 1146.1046860503143), (486.289899883836, 959.6051032568269), (16.94814760543612, 1135.516480562878)]
Mask Points:
[[          6         654]
 [          6         687]
 [         15         687]
 [         27         699]
 [         21         705]
 [         18         705]
 [         15         708]
 [          6         708]
 [          6        1080]
 [         51        1080]
 [         54        1077]
 [         60        1077]
 [         63        1080]
 [         78        1080]
 [         84        1080]
 [         81        1080]
 [         72        1080]
 [         69        1080]
 [         36        1080]
 [         33        1080]
 [          6        1080]
 [          6        1080]
 [         90        1080]
 [         90        1080]
 [         93        1080]
 [         93        1080]
 [         96        1080]
 [         96        1080]
 [         99        1080]
 [        114        1080]
 [        117        1080]
 [        153        1080]
 [        156        1077]
 [        195        1077]
 [        198        1080]
 [        210        1080]
 [        213        1080]
 [        213        1080]
 [        210        1080]
 [        201        1080]
 [        198        1080]
 [        186        1080]
 [        180        1080]
 [        180        1080]
 [       1107        1080]
 [       1107        1077]
 [       1080        1077]
 [       1077        1080]
 [       1065        1080]
 [       1062        1077]
 [       1020        1077]
 [       1017        1074]
 [       1014        1074]
 [       1008        1068]
 [       1008        1065]
 [       1005        1062]
 [       1005        1059]
 [       1011        1053]
 [       1020        1053]
 [       1023        1050]
 [       1038        1050]
 [       1041        1047]
 [       1044        1047]
 [       1047        1044]
 [       1056        1044]
 [       1059        1041]
 [       1068        1041]
 [       1071        1038]
 [       1086        1038]
 [       1089        1041]
 [       1107        1041]
 [       1107         933]
 [       1080         933]
 [       1077         936]
 [       1005         936]
 [       1002         939]
 [        987         939]
 [        984         936]
 [        975         936]
 [        972         939]
 [        930         939]
 [        927         942]
 [        909         942]
 [        906         939]
 [        828         939]
 [        825         936]
 [        765         936]
 [        762         939]
 [        738         939]
 [        735         942]
 [        726         942]
 [        723         945]
 [        720         945]
 [        720         948]
 [        714         954]
 [        717         957]
 [        717         960]
 [        720         963]
 [        720         966]
 [        729         975]
 [        729         987]
 [        723         993]
 [        711         993]
 [        702         984]
 [        702         972]
 [        699         969]
 [        699         954]
 [        696         951]
 [        696         948]
 [        693         945]
 [        693         942]
 [        690         939]
 [        690         933]
 [        687         930]
 [        687         921]
 [        684         918]
 [        684         915]
 [        681         912]
 [        681         909]
 [        678         906]
 [        678         891]
 [        675         888]
 [        675         876]
 [        672         873]
 [        672         867]
 [        669         864]
 [        669         858]
 [        663         852]
 [        660         852]
 [        657         849]
 [        639         849]
 [        636         852]
 [        609         852]
 [        606         855]
 [        570         855]
 [        567         852]
 [        555         852]
 [        552         849]
 [        546         849]
 [        540         843]
 [        540         840]
 [        537         837]
 [        537         828]
 [        534         825]
 [        534         819]
 [        531         816]
 [        531         810]
 [        528         807]
 [        528         801]
 [        525         798]
 [        525         771]
 [        528         768]
 [        528         759]
 [        531         756]
 [        531         750]
 [        534         747]
 [        534         744]
 [        537         741]
 [        537         738]
 [        540         735]
 [        540         729]
 [        543         726]
 [        540         726]
 [        534         720]
 [        534         717]
 [        531         714]
 [        531         711]
 [        525         705]
 [        525         702]
 [        516         693]
 [        513         693]
 [        510         690]
 [        504         690]
 [        501         687]
 [        462         687]
 [        459         690]
 [        426         690]
 [        423         687]
 [        423         681]
 [        420         678]
 [        420         672]
 [        423         669]
 [        423         654]
 [        267         654]
 [        267         666]
 [        270         669]
 [        306         669]
 [        309         672]
 [        315         672]
 [        324         681]
 [        324         684]
 [        330         690]
 [        330         693]
 [        333         693]
 [        342         702]
 [        339         705]
 [        339         714]
 [        336         717]
 [        336         720]
 [        333         723]
 [        333         729]
 [        336         732]
 [        336         738]
 [        339         741]
 [        339         744]
 [        342         747]
 [        342         750]
 [        348         756]
 [        348         759]
 [        351         762]
 [        354         762]
 [        357         759]
 [        357         753]
 [        354         750]
 [        354         723]
 [        357         720]
 [        357         714]
 [        360         711]
 [        360         702]
 [        363         699]
 [        369         705]
 [        369         714]
 [        372         717]
 [        375         717]
 [        384         726]
 [        381         729]
 [        381         738]
 [        384         741]
 [        384         762]
 [        387         765]
 [        387         768]
 [        390         771]
 [        390         798]
 [        384         804]
 [        384         807]
 [        381         810]
 [        381         819]
 [        378         822]
 [        378         825]
 [        375         828]
 [        375         831]
 [        372         834]
 [        372         849]
 [        375         852]
 [        375         855]
 [        381         855]
 [        384         852]
 [        390         852]
 [        396         858]
 [        396         870]
 [        390         876]
 [        390         879]
 [        387         882]
 [        384         882]
 [        381         885]
 [        378         885]
 [        375         888]
 [        375         891]
 [        372         894]
 [        372         897]
 [        369         900]
 [        369         906]
 [        363         912]
 [        360         912]
 [        354         918]
 [        354         921]
 [        351         924]
 [        351         927]
 [        345         933]
 [        345         936]
 [        336         945]
 [        333         945]
 [        333         951]
 [        324         960]
 [        324         963]
 [        309         978]
 [        309         981]
 [        291         999]
 [        288         999]
 [        285        1002]
 [        282        1002]
 [        279        1005]
 [        276        1005]
 [        273        1008]
 [        246        1008]
 [        243        1005]
 [        234        1005]
 [        228         999]
 [        228         996]
 [        225         993]
 [        225         990]
 [        222         987]
 [        222         984]
 [        219         984]
 [        216         987]
 [        213         987]
 [        210         990]
 [        210        1002]
 [        207        1005]
 [        204        1002]
 [        198        1002]
 [        195        1005]
 [        195        1011]
 [        192        1014]
 [        183        1014]
 [        174        1005]
 [        135        1005]
 [        132        1002]
 [        132         996]
 [        129         993]
 [        129         987]
 [        135         981]
 [        135         972]
 [        132         969]
 [        132         966]
 [        123         957]
 [        102         957]
 [         99         960]
 [         87         960]
 [         84         963]
 [         81         963]
 [         75         969]
 [         72         969]
 [         66         975]
 [         60         975]
 [         57         972]
 [         42         972]
 [         33         963]
 [         33         954]
 [         18         939]
 [         24         933]
 [         27         933]
 [         30         930]
 [         30         924]
 [         24         918]
 [         30         912]
 [         39         912]
 [         42         909]
 [         45         909]
 [         48         906]
 [         51         906]
 [         51         903]
 [         48         900]
 [         48         897]
 [         45         894]
 [         45         891]
 [         51         885]
 [         51         882]
 [         54         879]
 [         51         876]
 [         51         867]
 [         57         861]
 [         57         858]
 [         60         855]
 [         60         852]
 [         57         849]
 [         57         846]
 [         60         843]
 [         60         840]
 [         63         837]
 [         66         837]
 [         69         840]
 [         72         840]
 [         75         843]
 [         78         840]
 [         81         840]
 [         90         831]
 [         93         831]
 [         96         828]
 [         96         825]
 [        108         813]
 [        111         813]
 [        114         810]
 [        120         810]
 [        129         801]
 [        129         798]
 [        135         792]
 [        135         789]
 [        141         783]
 [        141         780]
 [        144         777]
 [        144         771]
 [        147         768]
 [        147         759]
 [        150         756]
 [        150         747]
 [        153         744]
 [        153         741]
 [        156         738]
 [        156         684]
 [        150         678]
 [        144         684]
 [        141         684]
 [        138         687]
 [        132         687]
 [        129         684]
 [        126         684]
 [        120         678]
 [        120         675]
 [        126         669]
 [        126         654]
 [        105         654]
 [        105         672]
 [        108         675]
 [        102         681]
 [         99         681]
 [         90         690]
 [         84         690]
 [         81         693]
 [         72         693]
 [         69         696]
 [         63         696]
 [         54         687]
 [         54         672]
 [         60         666]
 [         63         666]
 [         63         654]]
