Image_Name: a15f2582d870481683fd47b80199f70f
Class: Lower_clothes
Inner Main Points: [(901, 1033)]
Mask Points:
[[        363         906]
 [        363         918]
 [        351         930]
 [        351         933]
 [        348         936]
 [        348         939]
 [        336         951]
 [        336         954]
 [        324         966]
 [        324         969]
 [        303         990]
 [        303         993]
 [        294        1002]
 [        291        1002]
 [        288        1005]
 [        285        1005]
 [        282        1008]
 [        276        1008]
 [        273        1011]
 [        243        1011]
 [        240        1008]
 [        228        1008]
 [        222        1002]
 [        219        1002]
 [        216        1005]
 [        216        1008]
 [        210        1014]
 [        180        1014]
 [        177        1011]
 [        174        1011]
 [        171        1008]
 [        168        1011]
 [        120        1011]
 [        117        1014]
 [        111        1014]
 [        108        1017]
 [         93        1017]
 [         90        1020]
 [         39        1020]
 [         36        1017]
 [         18        1017]
 [          9        1008]
 [          9         999]
 [          6         996]
 [          6         993]
 [          3         990]
 [          3         987]
 [          0         987]
 [          0        1080]
 [         39        1080]
 [         42        1077]
 [         63        1077]
 [         66        1080]
 [         75        1080]
 [         81        1080]
 [         78        1080]
 [         75        1080]
 [         72        1080]
 [         63        1080]
 [         60        1080]
 [         33        1080]
 [         30        1080]
 [          9        1080]
 [          6        1080]
 [          0        1080]
 [          0        1080]
 [         78        1080]
 [         78        1080]
 [         81        1080]
 [         87        1080]
 [         93        1080]
 [         93        1080]
 [         96        1080]
 [         96        1080]
 [        102        1080]
 [        114        1080]
 [        117        1080]
 [        153        1080]
 [        156        1077]
 [        186        1077]
 [        189        1080]
 [        207        1080]
 [        210        1080]
 [        210        1080]
 [        207        1080]
 [        204        1080]
 [        201        1080]
 [        192        1080]
 [        189        1080]
 [        186        1080]
 [        183        1080]
 [        183        1080]
 [        186        1080]
 [        186        1080]
 [        924        1080]
 [        924        1080]
 [        930        1080]
 [        933        1080]
 [        936        1080]
 [        969        1080]
 [        972        1080]
 [        975        1080]
 [        978        1080]
 [        981        1080]
 [        984        1080]
 [        984        1080]
 [       1674        1080]
 [       1674        1080]
 [       1677        1080]
 [       1677        1080]
 [       1680        1080]
 [       1680        1080]
 [       1677        1080]
 [       1674        1080]
 [       1671        1080]
 [       1665        1080]
 [       1659        1080]
 [       1662        1080]
 [       1683        1080]
 [       1686        1077]
 [       1749        1077]
 [       1752        1074]
 [       1761        1074]
 [       1764        1077]
 [       1770        1077]
 [       1773        1080]
 [       1776        1080]
 [       1779        1080]
 [       1779        1080]
 [       1776        1080]
 [       1767        1080]
 [       1764        1080]
 [       1758        1080]
 [       1755        1080]
 [       1752        1080]
 [       1746        1080]
 [       1743        1080]
 [       1740        1080]
 [       1734        1080]
 [       1731        1080]
 [       1728        1080]
 [       1722        1080]
 [       1719        1080]
 [       1716        1080]
 [       1716        1080]
 [       1719        1080]
 [       1722        1080]
 [       1725        1080]
 [       1761        1080]
 [       1767        1080]
 [       1776        1080]
 [       1782        1080]
 [       1782        1080]
 [       1803        1080]
 [       1803        1041]
 [       1773        1041]
 [       1770        1038]
 [       1767        1038]
 [       1764        1035]
 [       1761        1035]
 [       1758        1032]
 [       1755        1032]
 [       1752        1029]
 [       1746        1029]
 [       1743        1026]
 [       1740        1026]
 [       1737        1023]
 [       1734        1023]
 [       1731        1020]
 [       1719        1020]
 [       1716        1017]
 [       1713        1017]
 [       1707        1011]
 [       1683        1011]
 [       1680        1008]
 [       1668        1008]
 [       1665        1005]
 [       1659        1005]
 [       1656        1002]
 [       1653        1002]
 [       1650         999]
 [       1644         999]
 [       1641         996]
 [       1638         996]
 [       1635         993]
 [       1632         993]
 [       1629         990]
 [       1623         990]
 [       1620         987]
 [       1611         987]
 [       1608         984]
 [       1602         984]
 [       1596         978]
 [       1593         978]
 [       1587         972]
 [       1584         972]
 [       1581         969]
 [       1578         969]
 [       1572         963]
 [       1572         954]
 [       1575         951]
 [       1581         951]
 [       1584         954]
 [       1587         954]
 [       1590         951]
 [       1593         951]
 [       1593         939]
 [       1599         933]
 [       1605         933]
 [       1608         930]
 [       1614         930]
 [       1617         927]
 [       1617         924]
 [       1608         915]
 [       1608         906]
 [       1560         906]
 [       1560         918]
 [       1551         927]
 [       1548         927]
 [       1545         930]
 [       1539         930]
 [       1536         933]
 [       1491         933]
 [       1488         930]
 [       1479         930]
 [       1476         927]
 [       1467         927]
 [       1464         924]
 [       1413         924]
 [       1410         927]
 [       1365         927]
 [       1362         930]
 [       1269         930]
 [       1266         933]
 [       1224         933]
 [       1221         930]
 [       1197         930]
 [       1194         933]
 [       1176         933]
 [       1173         936]
 [       1125         936]
 [       1122         939]
 [       1119         939]
 [       1116         936]
 [       1080         936]
 [       1077         939]
 [       1059         939]
 [       1056         936]
 [       1005         936]
 [       1002         939]
 [        981         939]
 [        978         936]
 [        975         936]
 [        972         939]
 [        930         939]
 [        927         942]
 [        906         942]
 [        903         939]
 [        888         939]
 [        885         942]
 [        876         942]
 [        873         939]
 [        867         939]
 [        864         942]
 [        846         942]
 [        843         945]
 [        840         942]
 [        828         942]
 [        825         939]
 [        804         939]
 [        801         936]
 [        780         936]
 [        777         939]
 [        762         939]
 [        759         942]
 [        735         942]
 [        732         945]
 [        729         945]
 [        723         951]
 [        723         954]
 [        726         954]
 [        729         957]
 [        732         957]
 [        750         975]
 [        750         984]
 [        753         987]
 [        741         999]
 [        741        1002]
 [        729        1014]
 [        723        1014]
 [        702         993]
 [        702         990]
 [        699         987]
 [        699         978]
 [        696         975]
 [        696         957]
 [        693         954]
 [        693         948]
 [        690         945]
 [        690         939]
 [        687         936]
 [        687         930]
 [        684         927]
 [        684         924]
 [        681         921]
 [        681         906]
 [        657         906]
 [        657         930]
 [        660         933]
 [        660         936]
 [        663         939]
 [        663         945]
 [        660         948]
 [        660         954]
 [        669         963]
 [        669         975]
 [        672         978]
 [        672         981]
 [        678         987]
 [        678        1002]
 [        684        1008]
 [        684        1026]
 [        696        1038]
 [        696        1044]
 [        699        1047]
 [        699        1059]
 [        693        1065]
 [        687        1065]
 [        684        1068]
 [        663        1068]
 [        660        1071]
 [        642        1071]
 [        639        1074]
 [        636        1071]
 [        630        1071]
 [        627        1074]
 [        585        1074]
 [        582        1071]
 [        564        1071]
 [        552        1059]
 [        552        1035]
 [        543        1026]
 [        543        1014]
 [        549        1008]
 [        552        1008]
 [        558        1002]
 [        558         999]
 [        561         996]
 [        561         987]
 [        564         984]
 [        564         981]
 [        567         978]
 [        567         975]
 [        573         969]
 [        576         969]
 [        582         963]
 [        582         960]
 [        585         957]
 [        585         951]
 [        588         948]
 [        588         936]
 [        582         930]
 [        582         924]
 [        579         921]
 [        579         906]]
