Image_Name: a15f2582d870481683fd47b80199f70f
Class: Lower_clothes
Inner Main Points: [(247.33660121546697, 1118.08094127629), (198.48727236161477, 1175.3523038937867), (470.75017390225264, 957.8960749378122), (572.2759409475132, 962.0562613960032), (193.9289603557384, 1153.261022049172)]
Mask Points:
[[          6         642]
 [          6        1080]
 [         51        1080]
 [         54        1077]
 [         69        1077]
 [         72        1080]
 [        147        1080]
 [        150        1077]
 [        204        1077]
 [        207        1080]
 [        216        1080]
 [        219        1080]
 [        219        1080]
 [        216        1080]
 [        204        1080]
 [        201        1080]
 [        192        1080]
 [        189        1080]
 [        183        1080]
 [        183        1080]
 [        795        1080]
 [        795         936]
 [        765         936]
 [        762         939]
 [        741         939]
 [        738         942]
 [        726         942]
 [        717         951]
 [        717         954]
 [        720         957]
 [        720         960]
 [        723         963]
 [        723         966]
 [        729         972]
 [        729         975]
 [        732         978]
 [        732         987]
 [        729         990]
 [        729         993]
 [        726         996]
 [        720         996]
 [        717         999]
 [        714         999]
 [        702         987]
 [        702         981]
 [        699         978]
 [        699         960]
 [        696         957]
 [        696         951]
 [        693         948]
 [        693         942]
 [        690         939]
 [        690         933]
 [        687         930]
 [        687         921]
 [        684         918]
 [        684         915]
 [        681         912]
 [        681         906]
 [        678         903]
 [        678         888]
 [        675         885]
 [        675         873]
 [        672         870]
 [        672         864]
 [        669         861]
 [        669         858]
 [        663         852]
 [        660         852]
 [        657         849]
 [        639         849]
 [        636         852]
 [        588         852]
 [        585         855]
 [        573         855]
 [        570         852]
 [        552         852]
 [        549         849]
 [        543         849]
 [        540         846]
 [        540         843]
 [        537         840]
 [        537         831]
 [        534         828]
 [        534         822]
 [        531         819]
 [        531         813]
 [        528         810]
 [        528         804]
 [        525         801]
 [        525         762]
 [        528         759]
 [        528         753]
 [        531         750]
 [        531         744]
 [        534         741]
 [        534         738]
 [        537         735]
 [        537         732]
 [        540         729]
 [        540         726]
 [        534         720]
 [        534         714]
 [        528         708]
 [        528         705]
 [        516         693]
 [        513         693]
 [        510         690]
 [        507         690]
 [        504         687]
 [        459         687]
 [        456         690]
 [        429         690]
 [        423         684]
 [        423         642]
 [        261         642]
 [        261         657]
 [        264         660]
 [        264         666]
 [        279         681]
 [        279         684]
 [        282         687]
 [        282         693]
 [        279         696]
 [        279         699]
 [        267         711]
 [        264         711]
 [        258         717]
 [        258         720]
 [        255         723]
 [        255         729]
 [        252         732]
 [        252         744]
 [        255         747]
 [        255         753]
 [        264         762]
 [        267         762]
 [        270         765]
 [        273         765]
 [        279         771]
 [        282         771]
 [        282         768]
 [        291         759]
 [        291         756]
 [        297         750]
 [        297         747]
 [        303         741]
 [        309         741]
 [        318         750]
 [        318         753]
 [        321         756]
 [        321         759]
 [        330         768]
 [        330         786]
 [        333         786]
 [        336         789]
 [        345         789]
 [        348         792]
 [        369         792]
 [        372         789]
 [        375         789]
 [        381         795]
 [        381         801]
 [        378         804]
 [        378         822]
 [        375         825]
 [        375         831]
 [        372         834]
 [        375         837]
 [        375         843]
 [        378         846]
 [        381         843]
 [        384         843]
 [        387         840]
 [        402         855]
 [        402         861]
 [        399         864]
 [        399         867]
 [        396         870]
 [        396         873]
 [        393         876]
 [        393         879]
 [        387         885]
 [        384         885]
 [        375         894]
 [        375         897]
 [        372         900]
 [        372         903]
 [        369         906]
 [        369         909]
 [        363         915]
 [        360         915]
 [        357         918]
 [        357         921]
 [        351         927]
 [        351         930]
 [        345         936]
 [        345         939]
 [        339         945]
 [        336         945]
 [        336         948]
 [        327         957]
 [        327         960]
 [        321         966]
 [        321         969]
 [        300         990]
 [        300         993]
 [        294         999]
 [        291         999]
 [        288        1002]
 [        285        1002]
 [        282        1005]
 [        279        1005]
 [        276        1008]
 [        273        1008]
 [        270        1011]
 [        261        1011]
 [        258        1014]
 [        255        1014]
 [        252        1011]
 [        231        1011]
 [        228        1008]
 [        225        1008]
 [        222        1005]
 [        219        1005]
 [        216        1008]
 [        216        1011]
 [        210        1017]
 [        180        1017]
 [        171        1008]
 [        153        1008]
 [        150        1005]
 [        147        1005]
 [        141         999]
 [        141         993]
 [        144         990]
 [        144         987]
 [        150         981]
 [        150         969]
 [        126         945]
 [        123         945]
 [        120         942]
 [        111         942]
 [        105         936]
 [        105         930]
 [         99         924]
 [         90         924]
 [         87         921]
 [         84         921]
 [         81         918]
 [         93         906]
 [         96         906]
 [         93         903]
 [         90         903]
 [         81         894]
 [         81         888]
 [         87         882]
 [         87         876]
 [         84         873]
 [         84         870]
 [         90         864]
 [         93         864]
 [         96         861]
 [         99         861]
 [        102         858]
 [        105         858]
 [        105         846]
 [        114         837]
 [        123         837]
 [        129         831]
 [        129         825]
 [        132         822]
 [        132         819]
 [        138         813]
 [        141         813]
 [        147         807]
 [        147         795]
 [        150         792]
 [        150         777]
 [        153         774]
 [        153         753]
 [        156         750]
 [        156         741]
 [        159         738]
 [        159         678]
 [        162         675]
 [        162         672]
 [        165         669]
 [        165         666]
 [        168         663]
 [        168         660]
 [        171         657]
 [        171         654]
 [        174         651]
 [        174         642]
 [        105         642]
 [        105         657]
 [        102         660]
 [        102         663]
 [         99         666]
 [         99         675]
 [         87         687]
 [         81         687]
 [         78         690]
 [         72         690]
 [         69         687]
 [         66         687]
 [         60         681]
 [         60         675]
 [         63         672]
 [         66         672]
 [         72         666]
 [         75         666]
 [         87         654]
 [         87         642]]
