Image_Name: a15f2582d870481683fd47b80199f70f
Class: Lower_clothes
Inner Main Points: [(226.18883139479334, 725.3008155560321), (138.47554116240818, 614.4373143710536), (133.42276178947282, 738.2693754667572), (144.40496904409002, 585.3888685287005), (136.9695985564437, 729.5691519086231)]
Mask Points:
[[          6         102]
 [          6        1071]
 [         93        1071]
 [         93        1059]
 [         99        1053]
 [         99        1050]
 [        102        1047]
 [        105        1047]
 [        114        1038]
 [        114        1032]
 [        117        1029]
 [        117        1026]
 [        123        1020]
 [        126        1020]
 [        132        1014]
 [        135        1014]
 [        150         999]
 [        156         999]
 [        159         996]
 [        162         996]
 [        165         993]
 [        171         993]
 [        180         984]
 [        183         984]
 [        198         969]
 [        201         969]
 [        210         960]
 [        213         960]
 [        246         927]
 [        249         927]
 [        252         924]
 [        255         924]
 [        267         912]
 [        270         912]
 [        273         909]
 [        276         909]
 [        282         903]
 [        285         903]
 [        297         891]
 [        300         891]
 [        315         876]
 [        318         876]
 [        342         852]
 [        345         852]
 [        375         822]
 [        375         819]
 [        399         795]
 [        399         792]
 [        402         789]
 [        402         726]
 [        405         723]
 [        405         711]
 [        408         708]
 [        408         705]
 [        411         702]
 [        411         699]
 [        414         696]
 [        417         696]
 [        429         684]
 [        429         675]
 [        426         672]
 [        426         651]
 [        423         648]
 [        423         627]
 [        420         624]
 [        420         621]
 [        417         618]
 [        417         612]
 [        414         609]
 [        414         603]
 [        411         600]
 [        384         600]
 [        381         597]
 [        372         597]
 [        369         594]
 [        369         591]
 [        372         588]
 [        372         582]
 [        375         579]
 [        375         576]
 [        378         573]
 [        378         558]
 [        381         555]
 [        381         543]
 [        378         540]
 [        378         522]
 [        375         519]
 [        375         501]
 [        372         498]
 [        372         495]
 [        366         489]
 [        366         486]
 [        363         483]
 [        360         483]
 [        351         474]
 [        348         474]
 [        342         468]
 [        336         468]
 [        333         465]
 [        312         465]
 [        309         468]
 [        300         468]
 [        297         465]
 [        255         465]
 [        243         453]
 [        237         453]
 [        234         456]
 [        228         450]
 [        228         447]
 [        225         444]
 [        225         435]
 [        222         432]
 [        222         414]
 [        219         411]
 [        219         408]
 [        216         411]
 [        210         411]
 [        204         405]
 [        204         402]
 [        201         399]
 [        201         390]
 [        195         384]
 [        189         390]
 [        183         390]
 [        180         387]
 [        180         384]
 [        174         378]
 [        174         375]
 [        171         372]
 [        165         372]
 [        147         354]
 [        135         366]
 [        132         366]
 [        129         369]
 [        129         372]
 [        126         375]
 [        120         369]
 [        120         360]
 [        117         357]
 [        117         300]
 [        114         297]
 [        114         243]
 [        117         240]
 [        117         222]
 [        111         216]
 [        111         213]
 [         75         177]
 [         72         177]
 [         39         144]
 [         36         144]
 [         24         132]
 [         24         129]
 [         21         126]
 [         21         123]
 [         30         114]
 [         30         102]]
