Image_Name: a15f2582d870481683fd47b80199f70f
Class: Lower_clothes
Inner Main Points: [(1186.5933580155897, -78.39686940498532), (1173.1586815760847, -58.50401677838405), (1249.2117439023548, 35.71673033275144), (1210.6722937813302, -75.47562964661148), (1172.6664841536217, -70.3368206767249)]
Mask Points:
[[          6           0]
 [          6          57]
 [         18          57]
 [         21          60]
 [         24          60]
 [         30          66]
 [         30          69]
 [         33          72]
 [         33          84]
 [         36          87]
 [         36         102]
 [         27         111]
 [         24         108]
 [          6         108]
 [          6         243]
 [         42         243]
 [         42         228]
 [         39         225]
 [         39         222]
 [         36         219]
 [         39         216]
 [         39         207]
 [         51         195]
 [         54         195]
 [         60         189]
 [         63         189]
 [         66         186]
 [         69         186]
 [         72         189]
 [         78         189]
 [         78         186]
 [         87         177]
 [         90         177]
 [         93         180]
 [         96         180]
 [         99         183]
 [         99         195]
 [        102         198]
 [        105         198]
 [        108         201]
 [        111         201]
 [        114         204]
 [        117         204]
 [        120         207]
 [        123         207]
 [        126         210]
 [        132         210]
 [        135         213]
 [        144         213]
 [        147         210]
 [        249         210]
 [        252         213]
 [        279         213]
 [        282         216]
 [        306         216]
 [        309         213]
 [        345         213]
 [        348         210]
 [        375         210]
 [        378         213]
 [        405         213]
 [        408         210]
 [        417         210]
 [        420         207]
 [        423         207]
 [        426         204]
 [        429         204]
 [        432         201]
 [        438         201]
 [        447         192]
 [        450         192]
 [        456         186]
 [        459         186]
 [        465         180]
 [        465         177]
 [        477         165]
 [        480         165]
 [        483         162]
 [        498         162]
 [        504         156]
 [        504         147]
 [        507         144]
 [        510         144]
 [        513         147]
 [        513         153]
 [        516         156]
 [        516         159]
 [        519         162]
 [        528         162]
 [        531         159]
 [        543         171]
 [        543         174]
 [        546         177]
 [        546         183]
 [        546         180]
 [        549         177]
 [        549         174]
 [        555         168]
 [        558         168]
 [        561         171]
 [        561         189]
 [        558         192]
 [        558         195]
 [        552         201]
 [        549         201]
 [        546         204]
 [        546         207]
 [        543         210]
 [        543         213]
 [        537         219]
 [        540         222]
 [        546         222]
 [        549         225]
 [        594         225]
 [        597         222]
 [        609         222]
 [        612         219]
 [        615         219]
 [        615         216]
 [        624         207]
 [        627         207]
 [        636         198]
 [        636         192]
 [        630         186]
 [        630         183]
 [        621         174]
 [        621         156]
 [        618         153]
 [        618         147]
 [        624         141]
 [        627         141]
 [        630         138]
 [        642         138]
 [        645         135]
 [        648         135]
 [        651         132]
 [        669         132]
 [        672         129]
 [        678         129]
 [        684         135]
 [        684         138]
 [        687         141]
 [        687         153]
 [        684         156]
 [        684         159]
 [        681         162]
 [        681         168]
 [        678         171]
 [        678         177]
 [        675         180]
 [        675         186]
 [        678         189]
 [        678         192]
 [        681         195]
 [        681         198]
 [        687         204]
 [        687         207]
 [        690         210]
 [        693         210]
 [        699         216]
 [        699         222]
 [        702         225]
 [        702         228]
 [        705         231]
 [        705         243]
 [        756         243]
 [        756         222]
 [        750         216]
 [        750         213]
 [        744         207]
 [        744         198]
 [        741         195]
 [        738         195]
 [        729         186]
 [        726         186]
 [        723         183]
 [        717         189]
 [        711         189]
 [        705         183]
 [        705         171]
 [        702         168]
 [        702         165]
 [        699         162]
 [        699         156]
 [        693         150]
 [        693         147]
 [        705         135]
 [        705         129]
 [        708         126]
 [        708         123]
 [        705         120]
 [        702         120]
 [        699         117]
 [        696         117]
 [        693         114]
 [        693         105]
 [        696         102]
 [        696          96]
 [        705          87]
 [        708          87]
 [        711          84]
 [        720          84]
 [        723          81]
 [        726          81]
 [        729          84]
 [        732          84]
 [        738          90]
 [        750          90]
 [        753          87]
 [        756          87]
 [        759          84]
 [        762          84]
 [        768          78]
 [        786          78]
 [        789          75]
 [        795          75]
 [        798          72]
 [        807          72]
 [        810          69]
 [        834          69]
 [        837          72]
 [        846          72]
 [        849          75]
 [        855          75]
 [        858          78]
 [        864          78]
 [        867          81]
 [        870          81]
 [        873          84]
 [        879          84]
 [        882          87]
 [        888          87]
 [        891          90]
 [        894          90]
 [        897          93]
 [        900          93]
 [        903          96]
 [        906          96]
 [        909          99]
 [        912          99]
 [        915         102]
 [        918         102]
 [        924         108]
 [        927         108]
 [        930         111]
 [        942         111]
 [        945         114]
 [        951         114]
 [        954         117]
 [        957         114]
 [        969         114]
 [        972         117]
 [        981         117]
 [        984         114]
 [        999         114]
 [       1002         111]
 [       1014         111]
 [       1020         117]
 [       1020         123]
 [       1023         126]
 [       1029         126]
 [       1032         129]
 [       1038         129]
 [       1044         135]
 [       1044         144]
 [       1041         147]
 [       1041         156]
 [       1032         165]
 [       1023         165]
 [       1020         168]
 [       1014         168]
 [       1011         171]
 [       1008         171]
 [       1005         174]
 [       1002         174]
 [       1002         177]
 [        999         180]
 [        999         183]
 [        987         195]
 [        981         195]
 [        978         198]
 [        987         207]
 [        987         216]
 [        984         219]
 [        984         228]
 [        987         231]
 [        987         243]
 [       1044         243]
 [       1044         234]
 [       1050         228]
 [       1053         228]
 [       1065         216]
 [       1068         216]
 [       1080         204]
 [       1083         204]
 [       1086         201]
 [       1101         201]
 [       1104         198]
 [       1110         198]
 [       1119         207]
 [       1119         216]
 [       1116         219]
 [       1116         222]
 [       1122         228]
 [       1125         228]
 [       1128         225]
 [       1152         225]
 [       1152         219]
 [       1149         216]
 [       1149         213]
 [       1146         210]
 [       1152         204]
 [       1155         204]
 [       1164         195]
 [       1164         186]
 [       1170         180]
 [       1176         180]
 [       1179         183]
 [       1182         183]
 [       1185         186]
 [       1176         195]
 [       1179         195]
 [       1182         198]
 [       1185         198]
 [       1188         201]
 [       1191         201]
 [       1194         204]
 [       1194         201]
 [       1197         198]
 [       1194         195]
 [       1194         186]
 [       1191         183]
 [       1191         171]
 [       1185         165]
 [       1185         162]
 [       1182         159]
 [       1182         147]
 [       1179         144]
 [       1179         141]
 [       1167         141]
 [       1164         144]
 [       1158         144]
 [       1155         141]
 [       1146         141]
 [       1143         138]
 [       1143         135]
 [       1146         132]
 [       1149         132]
 [       1152         129]
 [       1158         129]
 [       1161         126]
 [       1167         126]
 [       1164         126]
 [       1161         123]
 [       1158         123]
 [       1134          99]
 [       1128          99]
 [       1125          96]
 [       1122          96]
 [       1119          93]
 [       1113          93]
 [       1110          90]
 [       1110          75]
 [       1113          72]
 [       1113          69]
 [       1122          60]
 [       1125          60]
 [       1128          57]
 [       1131          57]
 [       1134          54]
 [       1143          54]
 [       1146          51]
 [       1164          51]
 [       1167          48]
 [       1206          48]
 [       1209          51]
 [       1212          51]
 [       1215          54]
 [       1215          57]
 [       1212          60]
 [       1212          63]
 [       1215          66]
 [       1224          66]
 [       1227          69]
 [       1230          69]
 [       1239          78]
 [       1275          78]
 [       1275           0]
 [       1257           0]
 [       1254           0]
 [       1242           0]
 [       1239           3]
 [       1230           3]
 [       1227           0]
 [       1212           0]
 [       1209           0]
 [       1194           0]
 [       1188           0]
 [       1188           0]
 [       1194           0]
 [       1194           0]]
